Ambient Temperature(C): 23.9
Ambient Pressure(in Hg): 29.9
Time(s)	T1(Deg C)	Wall Temp(Deg C)	Top Plate(Deg C)	Bottom Plate(Deg C)	P1(PSI)	P2(PSI)	Mass Flowrate(g/min)	Heater Energy (kJ)

0.00	25.20	28.60	27.50	26.40	1.00	2.00	-0.12	0.00
0.10	25.20	28.60	27.50	26.40	0.50	2.20	-0.17	0.00
0.20	25.40	28.70	27.60	26.50	0.80	1.10	-0.12	0.00
0.30	25.30	28.50	27.40	26.40	1.10	1.90	-0.09	0.00
0.40	25.30	28.50	27.40	26.40	0.70	2.40	-0.09	0.00
0.50	25.30	28.70	27.60	26.50	0.40	2.00	-0.09	0.00
0.60	25.40	28.60	27.60	26.60	0.80	1.90	-0.14	0.00
0.70	25.40	28.60	27.60	26.60	0.80	1.90	-0.09	0.00
0.80	25.40	28.60	27.60	26.60	0.80	2.40	-0.17	0.00
0.90	25.40	28.60	27.50	26.50	1.00	2.40	-0.07	0.00
1.00	25.40	28.60	27.50	26.50	0.40	1.90	-0.09	0.00
1.10	25.60	28.70	27.60	26.60	2.00	1.40	-0.12	0.00
1.20	25.50	28.70	27.50	26.50	1.60	2.00	-0.12	0.00
1.30	25.50	28.70	27.50	26.50	0.50	1.90	-0.12	0.00
1.40	25.40	28.60	27.30	26.40	0.80	2.40	-0.12	0.00
1.50	25.60	28.60	27.50	26.60	0.50	2.20	-0.12	0.00
1.60	25.60	28.60	27.50	26.60	0.50	2.20	-0.12	0.00
1.70	25.50	28.60	27.60	26.50	0.80	2.00	-0.12	0.00
1.80	25.60	28.60	27.40	26.50	2.20	1.90	-0.12	0.00
1.90	25.60	28.60	27.40	26.50	0.70	2.00	-0.14	0.00
2.00	25.50	28.60	27.50	26.50	0.70	0.70	-0.12	0.00
2.10	25.70	28.70	27.60	26.50	0.80	1.90	-0.07	0.00
2.20	25.70	28.70	27.60	26.50	1.10	2.00	-0.07	0.00
2.30	25.80	28.60	27.70	26.70	0.80	1.90	-0.12	0.00
2.40	25.80	28.60	27.70	26.70	0.40	2.00	-0.07	0.00
2.50	25.70	28.60	27.40	26.50	0.50	1.70	-0.09	0.00
2.60	25.70	28.80	27.70	26.70	0.50	1.70	-0.12	0.00
2.70	25.70	28.80	27.70	26.70	0.70	2.00	-0.09	0.00
2.80	25.80	28.70	27.60	26.60	0.70	1.40	-0.12	0.00
2.90	25.60	28.60	27.40	26.30	1.10	2.20	-0.12	0.00
3.00	25.60	28.60	27.40	26.30	0.70	2.00	-0.12	0.00
3.10	25.70	28.70	27.50	26.50	1.30	2.00	-0.12	0.00
3.20	25.60	28.60	27.50	26.40	0.80	2.20	-0.07	0.00
3.30	25.60	28.60	27.50	26.40	0.50	2.50	-0.09	0.00
3.40	25.80	28.70	27.50	26.60	0.80	2.20	-0.12	0.00
3.50	25.80	28.70	27.50	26.60	0.80	2.20	-0.17	0.00
3.60	25.70	28.50	27.60	26.50	0.70	1.90	-0.07	0.00
3.70	25.80	28.70	27.50	26.50	0.80	2.20	-0.09	0.00
3.80	25.80	28.70	27.50	26.50	1.30	2.00	-0.12	0.00
3.90	25.80	28.50	27.50	26.40	0.50	1.70	-0.12	0.00
4.00	25.80	28.60	27.50	26.50	0.50	2.20	-0.14	0.00
4.10	25.80	28.60	27.50	26.50	0.80	2.20	-0.17	0.00
4.20	25.80	28.60	27.50	26.50	0.70	2.00	-0.17	0.00
4.30	25.80	28.60	27.50	26.40	0.80	2.40	-0.12	0.00
4.40	25.80	28.60	27.50	26.40	0.40	2.00	-0.14	0.00
4.50	25.90	28.60	27.50	26.40	0.40	2.00	-0.12	0.00
4.60	25.90	28.60	27.50	26.40	0.40	2.20	-0.17	0.00
4.70	25.80	28.60	27.40	26.50	0.20	2.50	-0.12	0.00
4.80	25.90	28.80	27.70	26.60	0.50	1.90	-0.12	0.00
4.90	25.90	28.80	27.70	26.60	0.50	2.00	-0.12	0.00
5.00	25.90	28.70	27.50	26.40	0.70	1.90	-0.12	0.00
5.10	25.80	28.60	27.50	26.50	0.80	1.60	-0.12	0.00
5.20	25.80	28.60	27.50	26.50	0.40	2.20	-0.09	0.00
5.30	25.90	28.60	27.60	26.60	0.80	2.20	-0.14	0.00
5.40	26.00	28.50	27.50	26.50	0.80	2.20	-0.12	0.00
5.50	26.00	28.50	27.50	26.50	0.40	2.00	-0.07	0.00
5.60	26.00	28.70	27.50	26.50	0.80	2.20	-0.12	0.00
5.70	25.90	28.60	27.50	26.40	0.50	2.00	-0.12	0.00
5.80	25.90	28.60	27.50	26.40	1.10	1.90	-0.12	0.00
5.90	26.00	28.60	27.40	26.40	0.70	2.00	-0.09	0.00
6.00	26.00	28.60	27.50	26.50	0.80	1.60	-0.12	0.00
6.10	26.00	28.60	27.50	26.50	0.50	2.50	-0.14	0.00
6.20	26.10	28.70	27.50	26.50	0.50	1.90	-0.14	0.00
6.30	26.00	28.60	27.50	26.40	0.50	1.90	-0.07	0.00
6.40	26.00	28.60	27.50	26.40	0.50	2.40	-0.09	0.00
6.50	26.10	28.60	27.50	26.50	1.30	1.90	-0.09	0.00
6.60	26.00	28.70	27.50	26.40	1.00	1.70	-0.14	0.00
6.70	26.00	28.70	27.50	26.40	0.50	2.00	-0.21	0.00
6.80	26.20	28.70	27.50	26.70	0.70	2.00	-0.12	0.00
6.90	26.20	28.70	27.50	26.70	0.70	1.90	-0.12	0.00
7.00	26.10	28.70	27.50	26.50	0.80	2.40	-0.14	0.00
7.10	26.20	28.60	27.60	26.50	0.40	1.90	-0.12	0.00
7.20	26.10	28.80	27.50	26.50	0.70	1.70	-0.17	0.00
7.30	26.10	28.80	27.50	26.50	0.70	1.70	-0.17	0.00
7.40	26.10	28.60	27.50	26.50	0.40	2.40	-0.17	0.00
7.50	26.10	28.60	27.50	26.50	1.00	2.20	-0.14	0.00
7.60	26.10	28.60	27.50	26.50	0.80	2.00	-0.14	0.00
7.70	26.10	28.70	27.50	26.50	1.00	1.90	-0.12	0.00
7.80	26.30	28.70	27.60	26.60	0.70	2.20	-0.19	0.00
7.90	26.30	28.70	27.60	26.60	0.50	2.40	-0.19	0.00
8.00	26.20	28.70	27.50	26.60	0.80	2.70	-0.19	0.00
8.10	26.20	28.70	27.50	26.60	0.70	1.90	-0.24	0.00
8.20	26.30	28.70	27.60	26.50	0.70	1.90	-0.17	0.00
8.30	26.10	28.50	27.40	26.30	0.80	2.20	-0.21	0.00
8.40	26.10	28.50	27.40	26.30	1.00	1.90	-0.17	0.00
8.50	26.20	28.60	27.50	26.50	0.70	1.90	-0.17	0.00
8.60	26.30	28.60	27.40	26.50	0.80	2.20	-0.19	0.00
8.70	26.30	28.60	27.40	26.50	0.70	2.20	-0.19	0.00
8.80	26.40	28.70	27.60	26.50	2.80	2.80	0.00	0.00
8.90	25.80	28.70	27.60	26.40	3.40	3.00	0.00	0.00
9.00	25.80	28.70	27.60	26.40	3.70	3.10	0.00	0.00
9.10	26.80	28.60	27.40	26.50	3.60	3.30	0.00	0.00
9.20	26.80	28.60	27.40	26.50	3.60	3.30	0.00	0.00
9.30	27.30	28.60	27.50	26.50	3.70	3.30	0.00	0.00
9.40	27.50	28.60	27.50	26.50	3.70	3.00	0.00	0.00
9.50	27.50	28.60	27.50	26.50	3.30	3.10	0.00	0.00
9.60	27.50	28.60	27.40	26.40	3.30	3.10	0.00	0.00
9.70	27.50	28.60	27.40	26.40	3.10	3.10	0.00	0.00
9.80	27.50	28.60	27.50	26.60	3.30	2.70	0.00	0.00
9.90	27.50	28.80	27.50	26.60	3.40	2.80	0.00	0.00
10.00	27.50	28.80	27.50	26.60	3.40	3.00	0.00	0.00
10.10	27.40	28.50	27.50	26.30	3.40	3.00	0.00	0.00
10.20	27.30	28.70	27.50	26.50	3.10	3.00	0.00	0.00
10.30	27.30	28.70	27.50	26.50	3.10	3.40	0.00	0.00
10.40	27.40	28.70	27.50	26.50	3.40	3.90	0.00	0.00
10.50	27.10	28.60	27.50	26.50	3.60	3.00	0.00	0.00
10.60	27.10	28.60	27.50	26.50	3.10	3.10	0.00	0.00
10.70	27.00	28.60	27.60	26.50	3.10	3.00	0.00	0.00
10.80	27.20	28.70	27.60	26.50	3.30	3.40	0.00	0.00
10.90	27.20	28.70	27.60	26.50	3.40	3.00	0.00	0.00
11.00	27.10	28.70	27.60	26.50	3.40	3.00	0.00	0.00
11.10	27.00	28.70	27.50	26.50	3.10	2.80	-0.01	0.00
11.20	27.00	28.70	27.50	26.50	3.30	2.80	0.00	0.00
11.30	27.00	28.60	27.40	26.40	3.00	3.10	-0.01	0.00
11.40	26.90	28.60	27.50	26.50	3.10	3.00	10.40	0.00
11.50	26.90	28.60	27.50	26.50	3.60	2.70	33.58	0.00
11.60	26.90	28.60	27.40	26.40	3.10	2.80	46.61	0.00
11.70	27.20	28.60	27.50	26.40	3.60	2.80	49.96	0.00
11.80	27.20	28.60	27.50	26.40	3.30	3.10	51.65	0.00
11.90	27.20	28.70	27.60	26.50	3.70	3.10	52.65	0.00
12.00	27.30	28.70	27.40	26.50	3.70	3.10	52.62	0.00
12.10	27.30	28.70	27.40	26.50	4.20	3.40	52.29	0.00
12.20	27.70	28.60	27.60	26.50	4.40	2.80	52.00	0.00
12.30	27.70	28.60	27.50	26.50	4.20	2.80	51.74	0.00
12.40	27.70	28.60	27.50	26.50	4.80	4.20	51.49	0.00
12.50	27.80	28.60	27.50	26.40	4.40	3.00	51.36	0.00
12.60	28.00	28.60	27.50	26.40	5.00	3.10	51.10	0.00
12.70	28.00	28.60	27.50	26.40	4.50	2.70	50.83	0.00
12.80	28.20	28.70	27.50	26.50	5.10	3.10	50.45	0.00
12.90	28.30	28.60	27.50	26.50	5.10	2.50	50.02	0.00
13.00	28.30	28.60	27.50	26.50	5.10	2.50	49.85	0.00
13.10	28.40	28.70	27.60	26.60	5.60	3.10	49.65	0.00
13.20	28.50	28.70	27.50	26.40	5.60	2.50	49.51	0.00
13.30	28.50	28.70	27.50	26.40	5.60	2.70	49.42	0.00
13.40	28.50	28.60	27.50	26.40	5.60	3.10	49.29	0.00
13.50	28.80	28.70	27.60	26.60	6.20	2.70	49.22	0.00
13.60	28.80	28.70	27.60	26.60	6.20	2.70	49.09	0.00
13.70	28.60	28.60	27.50	26.40	6.00	3.30	49.03	0.00
13.80	28.70	28.60	27.40	26.50	5.90	3.30	48.97	0.00
13.90	28.70	28.60	27.40	26.50	5.90	3.30	48.90	0.00
14.00	28.90	28.80	27.60	26.60	6.00	2.80	48.84	0.00
14.10	28.70	28.60	27.50	26.40	6.40	3.30	48.78	0.00
14.20	28.70	28.60	27.50	26.40	7.10	3.00	48.78	0.00
14.30	28.90	28.80	27.50	26.50	6.70	3.10	49.48	0.00
14.40	29.00	28.60	27.40	26.40	6.80	3.00	50.13	0.00
14.50	29.00	28.60	27.40	26.40	7.00	3.10	50.54	0.00
14.60	29.10	28.60	27.40	26.50	6.80	3.10	50.52	0.00
14.70	29.20	28.80	27.50	26.60	7.10	3.00	50.47	0.00
14.80	29.20	28.80	27.50	26.60	7.30	3.10	50.34	0.00
14.90	29.10	28.60	27.50	26.50	7.30	3.10	50.33	0.00
15.00	29.30	28.80	27.50	26.50	7.30	3.30	50.32	0.00
15.10	29.30	28.80	27.50	26.50	7.60	3.30	50.27	0.00
15.20	29.30	28.70	27.50	26.50	7.70	3.30	50.21	0.00
15.30	29.50	28.80	27.70	26.70	7.70	3.30	50.14	0.00
15.40	29.50	28.80	27.70	26.70	7.60	3.10	50.08	0.00
15.50	29.40	28.70	27.50	26.60	8.00	3.10	50.07	0.00
15.60	29.40	28.70	27.50	26.60	8.00	2.80	50.05	0.00
15.70	29.40	28.70	27.50	26.60	8.40	3.00	49.95	0.00
15.80	29.40	28.50	27.50	26.50	8.00	2.70	49.93	0.00
15.90	29.40	28.50	27.50	26.50	8.40	3.00	49.92	0.00
16.00	29.50	28.60	27.60	26.50	8.20	3.10	49.86	0.00
16.10	29.50	28.70	27.60	26.60	8.20	2.50	49.86	0.00
16.20	29.50	28.70	27.60	26.60	8.00	2.80	49.82	0.00
16.30	29.60	28.60	27.50	26.60	9.10	2.70	49.82	0.00
16.40	29.50	28.60	27.40	26.50	9.00	3.00	49.80	0.00
16.50	29.50	28.60	27.40	26.50	9.00	3.10	49.74	0.00
16.60	29.60	28.60	27.50	26.40	7.70	3.10	49.74	0.00
16.70	29.50	28.70	27.50	26.60	9.10	3.00	49.68	0.00
16.80	29.50	28.70	27.50	26.60	9.60	2.70	49.63	0.00
16.90	29.50	28.60	27.50	26.50	9.70	3.00	49.61	0.00
17.00	29.50	28.60	27.50	26.50	9.30	2.80	49.62	0.00
17.10	29.60	28.70	27.50	26.50	9.40	2.50	49.72	0.00
17.20	29.80	28.60	27.60	26.60	9.30	3.10	49.92	0.00
17.30	29.80	28.60	27.60	26.60	10.40	2.50	50.07	0.00
17.40	29.70	28.70	27.60	26.60	9.70	3.00	50.02	0.00
17.50	29.80	28.70	27.50	26.40	9.10	3.00	50.14	0.00
17.60	29.80	28.70	27.50	26.40	10.20	3.10	50.18	0.00
17.70	29.80	28.60	27.40	26.40	10.20	3.10	50.12	0.00
17.80	29.80	28.60	27.40	26.40	10.50	3.10	50.15	0.00
17.90	29.90	28.70	27.60	26.50	10.40	3.00	50.15	0.00
18.00	29.80	28.70	27.50	26.50	10.50	3.00	50.10	0.00
18.10	29.80	28.70	27.50	26.50	11.10	2.80	50.00	0.00
18.20	29.80	28.50	27.50	26.40	10.80	3.10	50.04	0.00
18.30	29.90	28.70	27.60	26.50	10.80	2.80	50.04	0.00
18.40	29.90	28.70	27.60	26.50	11.30	2.80	49.96	0.00
18.50	30.00	28.80	27.50	26.60	11.30	2.80	49.92	0.00
18.60	30.00	28.60	27.50	26.50	11.30	2.80	49.95	0.00
18.70	30.00	28.60	27.50	26.50	11.60	2.70	49.89	0.00
18.80	30.10	28.70	27.60	26.60	11.60	2.80	49.88	0.00
18.90	30.10	28.70	27.60	26.50	11.60	2.70	49.86	0.00
19.00	30.10	28.70	27.60	26.50	11.70	3.10	49.85	0.00
19.10	30.00	28.70	27.60	26.50	11.90	3.10	49.79	0.00
19.20	29.80	28.60	27.50	26.50	11.60	2.80	49.81	0.00
19.30	29.80	28.60	27.50	26.50	11.90	2.70	49.76	0.00
19.40	30.20	28.70	27.50	26.40	12.20	3.10	49.72	0.00
19.50	30.20	28.70	27.50	26.40	12.20	3.10	49.73	0.00
19.60	30.10	28.50	27.50	26.50	12.20	3.10	49.66	0.00
19.70	30.20	28.60	27.50	26.40	12.40	3.10	49.68	0.00
19.80	30.20	28.60	27.50	26.40	13.00	3.00	49.74	0.00
19.90	30.20	28.60	27.60	26.50	12.80	3.00	49.72	0.00
20.00	30.20	28.70	27.60	26.50	12.70	2.50	49.76	0.00
20.10	30.20	28.70	27.60	26.50	12.40	2.70	49.98	0.00
20.20	30.10	28.60	27.50	26.40	13.30	3.30	50.07	0.00
20.30	30.30	28.60	27.50	26.40	13.10	3.00	50.08	0.00
20.40	30.30	28.60	27.50	26.40	13.10	3.10	50.11	0.00
20.50	30.30	28.60	27.50	26.50	13.10	3.10	50.08	0.00
20.60	30.30	28.60	27.50	26.50	13.60	2.80	50.06	0.00
20.70	30.20	28.50	27.40	26.30	13.30	3.00	50.08	0.00
20.80	30.30	28.60	27.60	26.60	13.40	2.70	50.06	0.00
20.90	30.30	28.60	27.40	26.40	13.70	3.30	50.04	0.00
21.00	30.30	28.60	27.40	26.40	14.20	3.00	49.98	0.00
21.10	30.30	28.60	27.50	26.50	14.50	2.50	49.94	0.00
21.20	30.50	28.70	27.60	26.50	13.60	2.70	50.00	0.00
21.30	30.50	28.70	27.60	26.50	14.50	2.70	50.00	0.00
21.40	30.50	28.70	27.60	26.40	14.10	2.80	50.12	0.00
21.50	30.50	28.70	27.60	26.40	14.10	2.80	50.13	0.00
21.60	30.40	28.70	27.60	26.60	14.50	2.70	50.11	0.00
21.70	30.40	28.70	27.50	26.60	14.70	2.80	50.12	0.00
21.80	30.40	28.70	27.50	26.60	14.70	3.10	50.10	0.00
21.90	30.60	28.70	27.50	26.50	14.80	3.00	50.07	0.00
22.00	30.60	28.70	27.50	26.50	14.80	3.30	50.08	0.00
22.10	30.60	28.70	27.60	26.40	15.00	3.30	50.07	0.00
22.20	30.50	28.60	27.40	26.40	15.10	3.10	50.04	0.00
22.30	30.50	28.60	27.40	26.40	15.60	2.80	50.02	0.00
22.40	30.70	28.60	27.50	26.40	15.60	2.80	50.02	0.00
22.50	30.50	28.70	27.50	26.50	15.40	3.10	50.01	0.00
22.60	30.50	28.70	27.50	26.50	15.30	2.80	49.98	0.00
22.70	30.60	28.60	27.70	26.50	15.60	2.50	50.02	0.00
22.80	30.60	28.70	27.50	26.60	15.60	2.50	49.96	0.00
22.90	30.60	28.70	27.50	26.60	15.60	3.30	49.99	0.00
23.00	30.70	28.60	27.50	26.60	15.90	3.10	50.00	0.00
23.10	30.70	28.60	27.50	26.60	17.00	3.00	49.95	0.00
23.20	30.60	28.50	27.40	26.40	15.90	3.10	49.93	0.00
23.30	30.80	28.60	27.50	26.60	15.90	3.00	49.93	0.00
23.40	30.70	28.70	27.50	26.50	15.90	3.00	49.98	0.00
23.50	30.70	28.70	27.50	26.50	16.70	2.80	49.93	0.00
23.60	30.80	28.60	27.60	26.50	16.80	3.10	49.93	0.00
23.70	30.80	28.60	27.60	26.50	16.40	3.00	49.83	0.00
23.80	30.80	28.60	27.50	26.50	16.70	2.70	49.85	0.00
23.90	30.80	28.60	27.40	26.40	16.80	2.70	49.83	0.00
24.00	30.80	28.60	27.40	26.40	17.30	2.80	49.85	0.00
24.10	30.80	28.70	27.50	26.60	17.00	2.70	49.80	0.00
24.20	30.80	28.60	27.40	26.40	17.40	3.10	49.82	0.00
24.30	30.80	28.60	27.40	26.40	17.40	3.10	49.83	0.00
24.40	30.90	28.60	27.40	26.40	17.80	3.00	49.86	0.00
24.50	30.90	28.60	27.40	26.40	17.60	3.00	49.86	0.00
24.60	30.90	28.70	27.50	26.50	17.90	2.80	49.79	0.00
24.70	30.90	28.70	27.60	26.50	17.80	3.00	49.87	0.00
24.80	30.90	28.70	27.60	26.50	17.90	2.70	49.89	0.00
24.90	30.90	28.50	27.50	26.50	18.10	3.30	49.82	0.00
25.00	30.90	28.60	27.50	26.50	17.90	3.10	49.91	0.00
25.10	30.90	28.60	27.50	26.50	19.00	3.30	49.87	0.00
25.20	30.90	28.70	27.50	26.40	18.20	2.80	49.88	0.00
25.30	30.90	28.70	27.50	26.50	18.20	2.80	49.98	0.00
25.40	30.90	28.70	27.50	26.50	19.00	3.00	50.00	0.00
25.50	31.10	28.70	27.50	26.50	19.30	2.70	50.00	0.00
25.60	31.10	28.50	27.40	26.40	18.80	3.30	50.11	0.00
25.70	31.10	28.50	27.40	26.40	19.10	2.80	50.08	0.00
25.80	30.90	28.60	27.60	26.40	19.30	2.70	50.06	0.00
25.90	31.00	28.60	27.40	26.50	18.50	2.80	50.01	0.00
26.00	31.00	28.60	27.40	26.50	19.30	2.70	50.08	0.00
26.10	31.20	28.60	27.60	26.60	19.40	2.80	50.05	0.00
26.20	31.10	28.60	27.50	26.60	19.40	2.80	50.01	0.00
26.30	31.10	28.60	27.50	26.60	19.40	2.80	50.04	0.00
26.40	31.10	28.60	27.50	26.50	19.90	3.30	49.98	0.00
26.50	31.00	28.60	27.40	26.50	19.80	3.00	50.00	0.00
26.60	31.00	28.60	27.40	26.50	19.60	3.30	49.96	0.00
26.70	31.20	28.60	27.40	26.40	19.90	2.80	49.98	0.00
26.80	31.20	28.60	27.40	26.40	20.20	3.10	49.92	0.00
26.90	31.20	28.80	27.60	26.50	20.80	2.80	49.94	0.00
27.00	31.20	28.50	27.40	26.50	20.20	3.00	49.91	0.00
27.10	31.20	28.50	27.40	26.50	20.40	3.00	49.92	0.00
27.20	31.10	28.60	27.50	26.50	20.40	3.00	49.88	0.00
27.30	31.30	28.70	27.50	26.60	20.50	3.30	49.88	0.00
27.40	31.30	28.70	27.50	26.60	20.70	2.80	49.83	0.00
27.50	31.20	28.60	27.60	26.40	21.10	2.80	49.85	0.00
27.60	31.20	28.70	27.40	26.40	20.70	3.00	49.85	0.00
27.70	31.20	28.70	27.40	26.40	21.30	3.00	49.80	0.00
27.80	31.20	28.60	27.50	26.50	21.30	2.80	49.80	0.00
27.90	31.20	28.70	27.50	26.40	21.40	3.10	49.82	0.00
28.00	31.20	28.70	27.50	26.40	21.40	2.80	49.73	0.00
28.10	31.10	28.60	27.50	26.40	21.60	3.00	49.74	0.00
28.20	31.30	28.60	27.40	26.50	21.60	3.00	49.75	0.00
28.30	31.30	28.60	27.40	26.50	21.90	3.30	49.78	0.00
28.40	31.20	28.60	27.30	26.40	21.60	2.70	49.92	0.00
28.50	31.20	28.60	27.50	26.50	21.90	3.10	50.17	0.00
28.60	31.20	28.60	27.50	26.50	22.10	2.80	50.23	0.00
28.70	31.40	28.60	27.50	26.40	22.40	3.10	50.27	0.00
28.80	31.30	28.70	27.50	26.50	22.40	3.10	50.28	0.00
28.90	31.30	28.70	27.50	26.50	22.40	3.00	50.15	0.00
29.00	31.50	28.60	27.60	26.60	22.40	2.80	50.20	0.00
29.10	31.30	28.60	27.50	26.50	22.40	2.80	50.17	0.00
29.20	31.30	28.60	27.50	26.50	22.80	3.10	50.11	0.00
29.30	31.30	28.50	27.40	26.50	23.00	2.70	50.10	0.00
29.40	31.30	28.60	27.50	26.50	23.00	3.10	50.07	0.00
29.50	31.30	28.60	27.50	26.50	21.30	3.00	50.11	0.00
29.60	31.40	28.60	27.50	26.40	23.30	2.50	50.04	0.00
29.70	31.50	28.60	27.40	26.40	22.80	2.80	50.04	0.00
29.80	31.50	28.60	27.40	26.40	23.30	2.50	50.02	0.00
29.90	31.60	28.70	27.50	26.60	23.80	3.10	49.95	0.00
30.00	31.50	28.70	27.50	26.50	23.80	3.10	49.95	0.00
30.10	31.50	28.70	27.50	26.50	23.80	3.40	49.92	0.00
30.20	31.50	28.50	27.50	26.40	23.90	3.00	49.86	0.00
30.30	31.40	28.60	27.50	26.50	23.90	3.00	49.85	0.00
30.40	31.40	28.60	27.50	26.50	24.20	2.80	49.82	0.00
30.50	31.60	28.60	27.60	26.60	24.40	2.50	49.82	0.00
30.60	31.50	28.60	27.40	26.50	24.10	2.70	49.83	0.00
30.70	31.50	28.60	27.40	26.50	24.10	2.70	49.78	0.00
30.80	31.50	28.60	27.40	26.40	24.50	3.00	49.76	0.00
30.90	31.70	28.70	27.50	26.60	24.50	3.00	49.78	0.00
31.00	31.70	28.70	27.50	26.60	24.70	2.70	49.78	0.00
31.10	31.60	28.70	27.70	26.50	24.70	2.80	49.75	0.00
31.20	31.60	28.70	27.70	26.50	25.00	3.00	49.73	0.00
31.30	31.60	28.60	27.40	26.40	22.80	3.30	49.75	0.00
31.40	31.40	28.50	27.50	26.30	25.10	2.80	49.72	0.00
31.50	31.40	28.50	27.50	26.30	25.40	2.00	49.73	0.00
31.60	31.30	28.40	27.40	26.40	25.10	2.70	49.69	0.00
31.70	31.60	28.70	27.50	26.50	25.40	3.10	49.79	0.00
31.80	31.60	28.70	27.50	26.50	25.30	2.80	49.94	0.00
31.90	31.70	28.70	27.50	26.60	25.30	2.80	50.25	0.00
32.00	31.60	28.70	27.70	26.60	25.80	2.70	50.37	0.00
32.10	31.60	28.70	27.70	26.60	25.60	3.10	50.27	0.00
32.20	31.70	28.60	27.50	26.50	26.10	3.10	50.33	0.00
32.30	31.60	28.60	27.60	26.50	26.10	3.40	50.31	0.00
32.40	31.60	28.60	27.60	26.50	26.10	3.30	50.24	0.00
32.50	31.50	28.60	27.50	26.50	26.40	2.80	50.19	0.00
32.60	31.60	28.60	27.50	26.50	26.20	3.10	50.24	0.00
32.70	31.60	28.60	27.50	26.50	26.70	2.70	50.21	0.00
32.80	31.60	28.50	27.40	26.40	26.70	2.70	50.18	0.00
32.90	31.60	28.50	27.40	26.40	26.40	3.30	50.19	0.00
33.00	31.80	28.70	27.60	26.50	27.10	3.00	50.20	0.00
33.10	31.80	28.70	27.60	26.50	26.80	2.70	50.18	0.00
33.20	31.60	28.60	27.50	26.50	27.50	2.40	50.10	0.00
33.30	31.60	28.50	27.50	26.50	27.10	2.70	50.11	0.00
33.40	31.70	28.60	27.50	26.50	27.00	3.30	50.04	0.00
33.50	31.70	28.60	27.50	26.50	27.10	2.70	50.08	0.00
33.60	31.70	28.70	27.50	26.40	27.60	2.70	50.04	0.00
33.70	31.70	28.70	27.50	26.40	27.60	2.70	49.96	0.00
33.80	31.80	28.60	27.60	26.50	27.60	2.70	49.99	0.00
33.90	31.70	28.60	27.40	26.40	28.20	2.40	50.00	0.00
34.00	31.70	28.60	27.40	26.40	28.20	2.40	49.93	0.00
34.10	31.70	28.60	27.50	26.50	27.90	3.00	49.91	0.00
34.20	31.80	28.80	27.60	26.60	28.20	2.50	49.86	0.00
34.30	31.80	28.80	27.60	26.60	28.40	3.00	49.87	0.00
34.40	31.80	28.70	27.50	26.40	28.50	3.10	49.82	0.00
34.50	31.80	28.70	27.60	26.60	29.10	2.70	49.80	0.00
34.60	31.80	28.70	27.60	26.60	28.40	2.70	49.78	0.00
34.70	31.70	28.50	27.30	26.40	28.40	2.70	49.74	0.00
34.80	31.70	28.50	27.40	26.40	28.50	2.80	49.79	0.00
34.90	31.70	28.50	27.40	26.40	28.70	2.80	49.73	0.00
35.00	31.80	28.60	27.50	26.50	29.00	2.80	49.70	0.00
35.10	31.70	28.60	27.50	26.60	29.50	2.70	49.70	0.00
35.20	31.70	28.60	27.50	26.60	29.10	3.10	49.65	0.00
35.30	31.90	28.60	27.50	26.50	28.80	3.00	49.62	0.00
35.40	31.90	28.60	27.50	26.40	29.30	3.00	49.65	0.00
35.50	31.90	28.60	27.50	26.40	29.60	3.00	49.62	0.00
35.60	31.70	28.50	27.40	26.30	29.30	2.50	49.60	0.00
35.70	32.00	28.70	27.60	26.60	29.30	2.50	49.62	0.00
35.80	32.00	28.70	27.60	26.60	29.80	3.30	49.55	0.00
35.90	31.90	28.50	27.40	26.40	29.90	2.80	49.53	0.00
36.00	32.00	28.80	27.50	26.60	30.10	3.00	49.59	0.00
36.10	32.00	28.80	27.50	26.60	29.90	3.00	49.53	0.00
36.20	32.00	28.70	27.50	26.50	30.40	3.30	49.81	0.00
36.30	32.00	28.70	27.50	26.50	30.50	2.70	50.13	0.00
36.40	31.90	28.60	27.50	26.50	30.50	2.70	50.18	0.00
36.50	31.80	28.60	27.50	26.50	30.20	3.00	50.21	0.00
36.60	31.80	28.60	27.50	26.50	30.20	3.00	50.15	0.00
36.70	31.90	28.70	27.50	26.50	29.80	2.70	50.13	0.00
36.80	32.00	28.60	27.50	26.50	30.70	3.10	50.07	0.00
36.90	32.00	28.60	27.50	26.50	31.10	2.70	50.07	0.00
37.00	31.90	28.70	27.50	26.50	31.10	3.40	50.01	0.00
37.10	31.90	28.60	27.50	26.40	30.80	2.80	50.02	0.00
37.20	31.90	28.60	27.50	26.40	31.50	3.00	49.93	0.00
37.30	31.90	28.50	27.50	26.40	31.10	3.00	50.00	0.00
37.40	31.90	28.60	27.40	26.50	31.50	3.40	49.94	0.00
37.50	31.90	28.60	27.40	26.50	31.80	3.00	49.94	0.00
37.60	32.10	28.60	27.50	26.50	31.80	3.00	49.91	0.00
37.70	32.10	28.60	27.50	26.50	31.80	3.00	49.85	0.00
37.80	32.00	28.60	27.60	26.40	31.60	3.10	49.80	0.00
37.90	32.00	28.60	27.50	26.40	32.10	2.80	49.79	0.00
38.00	31.90	28.60	27.50	26.40	32.20	2.80	49.78	0.00
38.10	31.90	28.60	27.50	26.40	32.40	3.00	49.75	0.00
38.20	32.10	28.70	27.70	26.50	31.30	3.00	49.76	0.00
38.30	32.10	28.60	27.40	26.40	33.00	2.00	49.73	0.00
38.40	32.10	28.60	27.40	26.40	32.70	3.00	49.72	0.00
38.50	31.90	28.40	27.50	26.40	32.70	3.00	50.07	0.00
38.60	31.90	28.40	27.50	26.40	32.70	2.70	50.12	0.00
38.70	32.00	28.60	27.50	26.40	33.00	2.80	50.14	0.00
38.80	32.00	28.70	27.50	26.60	33.30	3.00	50.13	0.00
38.90	32.10	28.60	27.50	26.50	33.30	2.50	50.07	0.00
39.00	32.10	28.60	27.50	26.50	33.50	2.50	50.01	0.00
39.10	32.10	28.60	27.50	26.60	33.30	2.80	50.01	0.00
39.20	32.10	28.50	27.50	26.40	33.30	2.80	50.04	0.00
39.30	32.10	28.50	27.50	26.40	33.50	2.80	50.05	0.00
39.40	32.10	28.60	27.50	26.50	33.90	2.70	49.94	0.00
39.50	32.10	28.60	27.50	26.50	34.20	2.70	49.91	0.00
39.60	32.20	28.60	27.50	26.40	33.90	3.00	49.93	0.00
39.70	32.20	28.70	27.60	26.50	34.10	3.00	49.86	0.00
39.80	32.20	28.70	27.60	26.50	34.20	3.10	49.88	0.00
39.90	32.10	28.70	27.50	26.50	33.90	2.40	49.85	0.00
40.00	32.10	28.50	27.50	26.50	34.40	2.50	49.73	0.00
40.10	32.10	28.50	27.50	26.50	34.40	3.30	49.75	0.00
40.20	32.00	28.60	27.50	26.50	34.50	2.80	49.74	0.00
40.30	32.10	28.60	27.60	26.40	34.20	3.00	49.73	0.00
40.40	32.10	28.60	27.60	26.40	34.20	3.00	49.67	0.00
40.50	32.10	28.60	27.60	26.50	34.80	3.00	49.69	0.00
40.60	32.10	28.70	27.50	26.50	34.80	2.80	50.10	0.00
40.70	32.10	28.70	27.50	26.50	34.80	3.00	50.27	0.00
40.80	32.20	28.70	27.60	26.50	35.30	2.70	50.37	0.00
40.90	32.20	28.70	27.60	26.60	35.50	2.80	50.30	0.00
41.00	32.20	28.70	27.60	26.60	35.50	3.00	50.20	0.00
41.10	32.20	28.50	27.50	26.50	35.80	3.10	50.25	0.00
41.20	32.20	28.50	27.50	26.50	35.50	2.80	50.24	0.00
41.30	32.20	28.60	27.50	26.50	35.50	2.70	50.15	0.00
41.40	32.20	28.50	27.60	26.40	35.50	2.70	50.06	0.00
41.50	32.20	28.50	27.60	26.40	35.80	2.50	50.10	0.00
41.60	32.30	28.60	27.50	26.50	35.90	3.00	50.05	0.00
41.70	32.20	28.70	27.40	26.50	36.40	2.70	50.01	0.00
41.80	32.20	28.70	27.40	26.50	35.60	3.30	50.05	0.00
41.90	32.20	28.60	27.50	26.40	36.40	2.80	49.95	0.00
42.00	32.20	28.60	27.50	26.40	36.70	3.00	49.93	0.00
42.10	32.20	28.80	27.60	26.60	36.50	3.00	49.93	0.00
42.20	32.20	28.70	27.50	26.60	36.40	2.80	49.80	0.00
42.30	32.20	28.70	27.50	26.60	36.40	2.80	49.89	0.00
42.40	32.20	28.60	27.50	26.50	37.20	2.80	49.83	0.00
42.50	32.30	28.70	27.60	26.50	38.20	2.50	49.78	0.00
42.60	32.30	28.70	27.60	26.50	37.00	3.00	49.78	0.00
42.70	32.20	28.60	27.50	26.50	38.20	3.00	49.69	0.00
42.80	32.20	28.60	27.50	26.60	37.50	3.00	49.66	0.00
42.90	32.20	28.60	27.50	26.60	37.90	3.00	49.62	0.00
43.00	32.20	28.70	27.60	26.60	37.60	2.80	49.65	0.00
43.10	32.20	28.70	27.60	26.60	37.90	3.00	49.68	0.00
43.20	32.20	28.60	27.60	26.60	37.60	2.50	49.55	0.00
43.30	32.10	28.60	27.50	26.50	37.60	2.50	49.56	0.00
43.40	32.10	28.60	27.50	26.50	38.20	2.80	49.70	0.00
43.50	32.30	28.70	27.50	26.60	37.90	2.70	50.07	0.00
43.60	32.30	28.60	27.50	26.60	38.10	2.80	50.15	0.00
43.70	32.30	28.60	27.50	26.60	38.20	2.70	50.14	0.00
43.80	32.20	28.60	27.50	26.50	38.40	3.10	50.17	0.00
43.90	32.30	28.70	27.50	26.40	38.50	3.30	50.04	0.00
44.00	32.30	28.70	27.50	26.40	38.70	3.10	50.07	0.00
44.10	32.30	28.60	27.60	26.50	38.80	2.50	50.01	0.00
44.20	32.30	28.60	27.60	26.50	38.80	2.50	50.08	0.00
44.30	32.30	28.60	27.60	26.50	39.00	3.30	50.05	0.00
44.40	32.20	28.60	27.50	26.50	39.20	2.80	50.00	0.00
44.50	32.20	28.60	27.50	26.50	39.60	2.80	49.91	0.00
44.60	32.30	28.50	27.50	26.50	39.00	3.10	49.82	0.00
44.70	32.30	28.70	27.40	26.50	39.20	2.80	49.91	0.00
44.80	32.30	28.70	27.40	26.50	39.30	3.00	49.78	0.00
44.90	32.20	28.60	27.50	26.50	40.10	3.10	49.85	0.00
45.00	32.10	28.60	27.40	26.50	39.50	3.00	49.76	0.00
45.10	32.10	28.60	27.40	26.50	39.80	3.00	49.70	0.00
45.20	32.20	28.60	27.40	26.40	39.80	3.00	49.72	0.00
45.30	32.20	28.60	27.40	26.40	40.10	3.00	49.66	0.00
45.40	32.30	28.70	27.60	26.60	40.10	3.00	49.72	0.00
45.50	32.20	28.50	27.40	26.40	40.40	2.70	49.98	0.00
45.60	32.20	28.50	27.40	26.40	40.50	3.00	50.04	0.00
45.70	32.30	28.70	27.50	26.50	40.50	2.80	50.05	0.00
45.80	32.30	28.70	27.50	26.50	40.40	2.50	45.36	0.00
45.90	32.30	28.60	27.60	26.60	40.50	3.00	45.44	0.00
46.00	32.30	28.60	27.50	26.50	39.90	2.70	46.14	0.00
46.10	32.30	28.60	27.50	26.50	40.40	3.10	46.47	0.00
46.20	32.10	28.70	27.60	26.50	40.20	2.80	48.57	0.00
46.30	32.00	28.50	27.60	26.50	39.80	3.00	49.27	0.00
46.40	32.00	28.50	27.60	26.50	40.20	2.70	49.69	0.00
46.50	31.90	28.70	27.50	26.60	40.40	3.10	47.87	0.00
46.60	31.90	28.70	27.50	26.60	39.90	3.00	47.73	0.00
46.70	31.80	28.60	27.50	26.40	40.40	2.50	46.01	0.00
46.80	31.70	28.70	27.60	26.50	40.10	3.30	40.47	0.00
46.90	31.70	28.70	27.60	26.50	40.20	3.00	21.64	0.00
47.00	31.80	28.70	27.50	26.60	40.40	2.40	13.52	0.00
47.10	31.70	28.70	27.60	26.50	40.40	2.40	10.24	0.00
47.20	31.70	28.70	27.60	26.50	39.80	2.80	8.05	0.00
47.30	31.40	28.60	27.50	26.50	40.50	2.50	6.54	0.00
47.40	31.50	28.50	27.60	26.50	40.10	2.70	5.46	0.00
47.50	31.50	28.50	27.60	26.50	39.90	3.30	4.61	0.00
47.60	31.50	28.60	27.60	26.60	40.10	3.00	3.92	0.00
47.70	31.50	28.60	27.60	26.60	39.80	2.80	3.48	0.00
47.80	31.20	28.60	27.50	26.50	40.10	3.00	3.01	0.00
47.90	31.30	28.60	27.60	26.50	39.80	2.80	2.72	0.00
48.00	31.30	28.60	27.60	26.50	39.80	2.80	2.44	0.00
48.10	31.30	28.70	27.50	26.60	39.90	2.70	2.15	0.00
48.20	31.20	28.60	27.50	26.50	40.10	3.00	1.94	0.00
48.30	31.20	28.60	27.50	26.50	39.80	3.00	1.78	0.00
48.40	31.20	28.70	27.60	26.50	40.10	2.80	1.59	0.00
48.50	31.20	28.70	27.60	26.50	40.40	1.10	1.44	0.00
48.60	31.20	28.70	27.60	26.50	40.10	2.80	1.35	0.00
48.70	31.20	28.60	27.60	26.50	40.10	3.00	1.23	0.00
48.80	31.20	28.60	27.60	26.50	39.80	2.50	1.09	0.00
48.90	31.10	28.60	27.60	26.50	39.80	2.50	0.97	0.00
49.00	30.90	28.60	27.50	26.40	39.80	3.00	0.90	0.00
49.10	30.90	28.60	27.50	26.40	40.10	2.80	0.85	0.00
49.20	31.00	28.60	27.60	26.50	40.20	2.80	0.81	0.00
49.30	31.00	28.60	27.60	26.60	39.60	3.00	0.71	0.00
49.40	31.00	28.60	27.60	26.60	39.60	2.50	0.69	0.00
49.50	30.90	28.60	27.50	26.50	39.90	3.00	0.62	0.00
49.60	30.90	28.60	27.70	26.60	39.80	2.70	0.64	0.00
49.70	30.90	28.60	27.70	26.60	39.90	3.10	0.57	0.00
49.80	30.90	28.50	27.50	26.40	39.90	3.10	0.57	0.00
49.90	30.80	28.60	27.40	26.40	40.10	2.80	0.50	0.00
50.00	30.80	28.60	27.40	26.40	39.90	2.70	0.09	0.00
50.10	30.80	28.60	27.50	26.50	39.90	3.00	0.09	0.00
50.20	30.80	28.60	27.50	26.50	39.90	3.10	0.07	0.00
50.30	30.70	28.50	27.50	26.40	39.80	3.00	0.07	0.00
50.40	30.80	28.60	27.50	26.40	40.40	2.50	0.12	0.00
50.50	30.80	28.60	27.50	26.40	39.60	2.80	0.07	0.00
50.60	30.80	28.60	27.50	26.60	40.40	2.80	0.07	0.00
50.70	30.80	28.70	27.60	26.50	39.80	2.70	0.07	0.00
50.80	30.80	28.70	27.60	26.50	39.80	2.70	0.07	0.00
50.90	30.80	28.70	27.50	26.60	40.10	3.00	0.09	0.00
51.00	30.60	28.50	27.50	26.50	40.20	2.50	0.00	0.00
51.10	30.60	28.50	27.50	26.50	39.80	2.80	0.00	0.00
51.20	30.80	28.70	27.50	26.60	39.60	2.70	0.00	0.00
51.30	30.70	28.50	27.40	26.50	40.20	3.10	0.00	0.00
51.40	30.70	28.50	27.40	26.50	40.20	3.00	0.00	0.00
51.50	30.70	28.60	27.50	26.60	39.60	3.40	0.00	0.00
51.60	30.60	28.50	27.50	26.50	40.10	3.10	0.00	0.00
51.70	30.60	28.50	27.50	26.50	40.10	3.10	0.00	0.00
51.80	30.60	28.50	27.50	26.60	39.60	2.70	0.00	0.00
51.90	30.70	28.60	27.60	26.60	39.80	3.10	0.00	0.00
52.00	30.70	28.60	27.60	26.60	40.20	2.50	0.00	0.00
52.10	30.70	28.60	27.60	26.60	40.10	2.80	0.00	0.00
52.20	30.60	28.50	27.50	26.50	39.60	3.30	0.00	0.00
52.30	30.60	28.50	27.50	26.50	39.90	2.70	0.00	0.00
52.40	30.60	28.70	27.60	26.60	39.80	2.80	0.00	0.00
52.50	30.70	28.60	27.50	26.60	39.80	2.20	0.00	0.00
52.60	30.70	28.60	27.50	26.60	39.80	2.20	0.00	0.00
52.70	30.60	28.60	27.50	26.60	40.10	2.80	0.00	0.00
52.80	30.50	28.70	27.50	26.50	39.90	3.00	0.00	0.00
52.90	30.50	28.70	27.50	26.50	39.60	3.00	0.00	0.00
53.00	30.50	28.50	27.50	26.50	39.90	2.80	0.00	0.00
53.10	30.60	28.60	27.60	26.50	39.50	3.00	0.00	0.00
53.20	30.60	28.60	27.60	26.50	40.40	2.80	0.00	0.00
53.30	30.50	28.60	27.50	26.50	39.80	2.70	0.00	0.00
53.40	30.50	28.60	27.50	26.50	39.90	3.30	0.00	0.00
53.50	30.60	28.70	27.50	26.60	39.90	3.00	0.00	0.00
53.60	30.50	28.50	27.50	26.40	39.90	3.00	0.00	0.00
53.70	30.50	28.50	27.50	26.40	39.80	3.30	0.00	0.00
53.80	30.50	28.60	27.50	26.50	39.80	3.00	0.00	0.00
53.90	30.50	28.60	27.60	26.50	39.90	3.10	0.00	0.00
54.00	30.50	28.60	27.60	26.50	40.10	2.80	0.00	0.00
54.10	30.50	28.50	27.40	26.50	39.80	3.10	0.00	0.00
54.20	30.50	28.60	27.60	26.50	39.80	3.00	0.00	0.00
54.30	30.50	28.60	27.60	26.50	39.90	3.00	0.00	0.00
54.40	30.50	28.60	27.70	26.60	39.90	3.00	0.00	0.00
54.50	30.50	28.60	27.70	26.60	39.60	2.70	0.00	0.00
54.60	30.40	28.60	27.50	26.50	39.60	2.70	0.00	0.00
54.70	30.50	28.50	27.50	26.40	40.10	3.00	0.00	0.00
54.80	30.50	28.50	27.50	26.40	39.80	2.80	0.00	0.00
54.90	30.50	28.70	27.50	26.60	39.80	3.30	0.00	0.00
55.00	30.50	28.70	27.50	26.60	40.10	3.10	0.00	0.00
55.10	30.60	28.70	27.60	26.50	39.80	3.10	0.00	0.00
55.20	30.40	28.60	27.60	26.50	39.90	2.50	0.00	0.00
55.30	30.40	28.60	27.60	26.50	40.20	3.00	0.00	0.00
55.40	30.40	28.70	27.60	26.50	40.20	2.80	0.00	0.00
55.50	30.40	28.60	27.50	26.40	40.20	2.80	0.00	0.00
55.60	30.40	28.60	27.50	26.40	39.50	2.80	0.00	0.00
55.70	30.20	28.50	27.50	26.40	40.10	3.30	0.00	0.00
55.80	30.40	28.60	27.50	26.50	40.10	2.70	0.00	0.00
55.90	30.40	28.60	27.50	26.50	40.10	3.00	0.00	0.00
56.00	30.40	28.60	27.60	26.60	39.80	3.10	0.00	0.00
56.10	30.50	28.70	27.60	26.60	39.50	3.10	0.00	0.00
56.20	30.50	28.70	27.60	26.60	40.10	3.00	0.00	0.00
56.30	30.40	28.50	27.50	26.50	39.90	2.80	0.00	0.00
56.40	30.10	28.40	27.40	26.40	39.60	3.30	0.00	0.00
56.50	30.10	28.40	27.40	26.40	39.60	3.30	0.00	0.00
56.60	30.30	28.60	27.50	26.50	39.60	3.10	0.00	0.00
56.70	30.30	28.60	27.50	26.50	40.10	3.00	0.00	0.00
56.80	30.30	28.60	27.60	26.50	40.20	3.10	0.00	0.00
56.90	30.20	28.50	27.40	26.40	40.10	3.00	0.00	0.00
57.00	30.20	28.50	27.40	26.40	40.20	2.40	0.00	0.00
57.10	30.20	28.50	27.50	26.40	40.20	3.30	0.00	0.00
57.20	30.20	28.50	27.50	26.40	39.60	3.30	0.00	0.00
57.30	30.20	28.50	27.50	26.40	39.80	2.70	0.00	0.00
57.40	30.30	28.50	27.50	26.50	39.80	2.70	0.00	0.00
57.50	30.30	28.60	27.50	26.40	39.80	3.00	0.00	0.00
57.60	30.30	28.60	27.50	26.40	39.80	3.10	0.00	0.00
57.70	30.20	28.60	27.50	26.50	39.50	3.00	0.00	0.00
57.80	30.10	28.40	27.40	26.40	40.50	3.00	0.00	0.00
57.90	30.10	28.40	27.40	26.40	39.90	3.30	0.00	0.00
58.00	30.30	28.50	27.50	26.40	39.90	2.80	0.00	0.00
58.10	30.20	28.50	27.60	26.50	39.90	2.80	0.00	0.00
58.20	30.20	28.50	27.60	26.50	39.90	2.80	0.00	0.00
58.30	30.30	28.60	27.50	26.50	40.10	2.70	0.00	0.00
58.40	30.30	28.60	27.50	26.50	39.60	2.80	0.00	0.00
58.50	30.30	28.70	27.60	26.40	39.80	2.80	0.00	0.00
58.60	30.10	28.60	27.50	26.40	39.90	2.70	0.00	0.00
58.70	30.10	28.60	27.50	26.40	39.90	3.30	0.00	0.00
58.80	30.20	28.50	27.50	26.50	39.80	3.00	0.00	0.00
58.90	30.30	28.60	27.60	26.60	39.90	2.70	0.00	0.00
59.00	30.30	28.60	27.60	26.60	40.10	2.70	0.00	0.00
59.10	30.20	28.60	27.60	26.50	39.80	2.50	0.00	0.00
59.20	30.10	28.70	27.60	26.50	39.90	2.70	0.00	0.00
59.30	30.10	28.70	27.60	26.50	39.90	2.70	0.00	0.00
59.40	30.10	28.60	27.50	26.50	39.80	3.00	0.00	0.00
59.50	30.00	28.50	27.50	26.40	40.20	3.00	0.00	0.00
59.60	30.00	28.50	27.50	26.40	39.60	3.10	0.00	0.00
59.70	30.10	28.50	27.40	26.40	40.20	2.50	0.00	0.00
59.80	30.10	28.50	27.40	26.40	39.80	3.00	0.00	0.00
59.90	30.10	28.60	27.60	26.60	40.20	3.00	0.00	0.00
60.00	30.10	28.60	27.50	26.50	39.50	3.10	0.00	0.00
60.10	30.10	28.60	27.50	26.50	39.80	3.00	0.00	0.00
60.20	30.10	28.60	27.60	26.40	39.90	2.70	0.00	0.00
60.30	30.10	28.60	27.60	26.40	39.90	2.70	0.00	0.00
60.40	30.20	28.40	27.50	26.40	39.60	2.70	0.00	0.00
60.50	30.00	28.40	27.60	26.40	40.20	1.60	0.00	0.00
60.60	30.00	28.40	27.60	26.40	40.10	2.80	0.00	0.00
60.70	30.10	28.60	27.50	26.40	39.90	3.00	0.00	0.00
60.80	30.10	28.50	27.50	26.60	40.70	2.80	0.00	0.00
60.90	30.10	28.50	27.50	26.60	39.80	3.10	0.00	0.00
61.00	30.10	28.60	27.60	26.50	39.80	2.70	0.00	0.00
61.10	30.10	28.70	27.50	26.60	40.10	2.80	0.00	0.00
61.20	30.10	28.70	27.50	26.60	39.50	3.30	0.00	0.00
61.30	30.10	28.60	27.60	26.50	39.50	3.30	0.00	0.00
61.40	30.10	28.60	27.60	26.50	40.20	3.10	0.00	0.00
61.50	30.10	28.60	27.50	26.50	39.90	2.80	0.00	0.00
61.60	30.10	28.50	27.50	26.40	40.10	3.40	0.00	0.00
61.70	30.10	28.50	27.50	26.40	40.10	2.70	0.00	0.00
61.80	30.20	28.60	27.70	26.50	39.90	3.10	0.00	0.00
61.90	30.10	28.60	27.50	26.50	39.50	3.00	0.00	0.00
62.00	30.10	28.60	27.50	26.50	39.80	3.10	0.00	0.00
62.10	30.20	28.60	27.60	26.60	39.90	3.10	0.00	0.00
62.20	30.10	28.60	27.60	26.60	39.90	3.10	0.00	0.00
62.30	30.10	28.60	27.60	26.60	39.60	3.00	0.00	0.00
62.40	30.00	28.50	27.50	26.40	39.50	3.00	0.00	0.00
62.50	30.10	28.70	27.60	26.50	39.90	2.80	0.00	0.00
62.60	30.10	28.70	27.60	26.50	40.10	2.70	0.00	0.00
62.70	30.00	28.50	27.50	26.50	39.90	3.40	0.00	0.00
62.80	30.00	28.50	27.50	26.50	39.50	3.10	0.00	0.00
62.90	30.00	28.60	27.60	26.40	39.60	3.00	0.00	0.00
63.00	30.00	28.60	27.60	26.50	39.60	2.40	0.00	0.00
63.10	30.00	28.60	27.60	26.50	39.60	3.10	0.00	0.00
63.20	30.00	28.50	27.60	26.50	39.60	3.10	0.00	0.00
63.30	30.00	28.50	27.60	26.50	40.10	2.40	0.00	0.00
63.40	30.00	28.50	27.60	26.50	39.80	3.00	0.00	0.00
63.50	30.00	28.50	27.50	26.50	40.10	2.80	0.00	0.00
63.60	30.00	28.50	27.50	26.50	39.60	2.70	0.00	0.00
63.70	30.00	28.50	27.50	26.50	40.10	2.80	0.00	0.00
63.80	30.00	28.50	27.50	26.50	39.90	2.80	0.00	0.00
63.90	30.00	28.50	27.50	26.50	40.20	3.00	0.00	0.00
64.00	30.00	28.70	27.60	26.50	39.60	2.80	0.00	0.00
64.10	30.00	28.70	27.60	26.60	39.60	2.80	0.00	0.00
64.20	30.00	28.70	27.60	26.60	39.50	3.10	0.00	0.00
64.30	29.90	28.60	27.50	26.50	40.10	2.50	0.00	0.00
64.40	30.00	28.60	27.60	26.50	39.80	3.00	0.00	0.00
64.50	30.00	28.60	27.60	26.50	39.80	3.00	0.00	0.00
64.60	30.00	28.60	27.60	26.50	39.80	2.80	0.00	0.00
64.70	29.80	28.50	27.50	26.50	39.60	2.80	0.00	0.00
64.80	29.80	28.50	27.50	26.50	39.80	2.70	0.00	0.00
64.90	29.90	28.50	27.60	26.40	39.90	3.00	0.00	0.00
65.00	30.00	28.60	27.50	26.50	39.90	3.00	0.00	0.00
65.10	30.00	28.60	27.50	26.50	39.90	2.80	0.00	0.00
65.20	29.80	28.50	27.50	26.50	39.90	2.80	0.00	0.00
65.30	29.80	28.50	27.50	26.40	39.50	2.80	0.00	0.00
65.40	29.80	28.50	27.50	26.40	39.80	3.00	0.00	0.00
65.50	29.90	28.60	27.60	26.60	39.30	2.50	0.00	0.00
65.60	29.80	28.50	27.60	26.50	39.60	2.80	0.00	0.00
65.70	29.80	28.50	27.60	26.50	39.50	2.80	0.00	0.00
65.80	30.00	28.50	27.40	26.50	39.80	2.50	0.00	0.00
65.90	29.90	28.60	27.50	26.50	39.80	2.50	0.00	0.00
66.00	29.90	28.60	27.50	26.50	39.60	3.10	0.00	0.00
66.10	30.00	28.60	27.50	26.50	39.60	3.10	0.00	0.00
66.20	29.70	28.50	27.40	26.40	39.20	3.00	0.00	0.00
66.30	29.70	28.50	27.40	26.40	39.80	2.70	0.00	0.00
66.40	29.90	28.50	27.50	26.50	40.10	2.70	0.00	0.00
66.50	29.90	28.60	27.50	26.50	39.80	3.00	0.00	0.00
66.60	29.90	28.60	27.50	26.50	39.80	2.40	0.00	0.00
66.70	29.90	28.60	27.50	26.40	39.80	3.30	0.00	0.00
66.80	29.90	28.60	27.50	26.40	39.50	2.70	0.00	0.00
66.90	29.80	28.40	27.50	26.50	39.50	2.70	0.00	0.00
67.00	29.90	28.50	27.60	26.60	39.60	2.80	0.00	0.00
67.10	29.90	28.50	27.60	26.60	39.90	3.00	0.00	0.00
67.20	29.90	28.50	27.40	26.50	39.80	2.70	0.00	0.00
67.30	29.80	28.60	27.50	26.50	39.80	3.30	0.00	0.00
67.40	29.80	28.60	27.50	26.50	39.50	2.80	0.00	0.00
67.50	29.90	28.60	27.60	26.60	39.80	3.10	0.00	0.00
67.60	29.70	28.50	27.50	26.50	40.10	3.00	0.00	0.00
67.70	29.70	28.50	27.50	26.50	39.90	3.10	0.00	0.00
67.80	29.70	28.60	27.40	26.40	39.90	3.10	0.00	0.00
67.90	29.80	28.50	27.60	26.50	39.80	3.00	0.00	0.00
68.00	29.80	28.50	27.60	26.50	40.10	3.00	0.00	0.00
68.10	29.80	28.40	27.50	26.50	40.10	2.50	0.00	0.00
68.20	29.80	28.50	27.60	26.50	39.90	3.30	0.00	0.00
68.30	29.80	28.50	27.60	26.50	39.90	3.10	0.00	0.00
68.40	29.70	28.50	27.50	26.40	39.60	2.80	0.00	0.00
68.50	29.70	28.50	27.50	26.40	39.90	2.50	0.00	0.00
68.60	29.70	28.50	27.50	26.40	39.80	3.00	0.00	0.00
68.70	29.80	28.40	27.50	26.50	39.80	3.00	0.00	0.00
68.80	29.80	28.40	27.50	26.50	39.80	3.30	0.00	0.00
68.90	30.00	28.60	27.70	26.60	39.90	2.80	0.00	0.00
69.00	29.60	28.50	27.50	26.40	39.80	3.00	0.00	0.00
69.10	29.60	28.50	27.50	26.40	40.20	2.80	0.00	0.00
69.20	29.70	28.50	27.60	26.50	39.90	3.10	0.00	0.00
69.30	29.80	28.50	27.60	26.50	39.80	3.10	0.00	0.00
69.40	29.80	28.50	27.60	26.50	39.90	2.80	0.00	0.00
69.50	29.80	28.60	27.50	26.50	39.90	2.50	0.00	0.00
69.60	29.80	28.60	27.70	26.60	39.90	2.50	0.00	0.00
69.70	29.80	28.60	27.70	26.60	38.80	3.10	0.00	0.00
69.80	29.80	28.60	27.60	26.40	39.80	3.00	0.00	0.00
69.90	29.80	28.60	27.60	26.40	39.90	2.70	0.00	0.00
70.00	29.80	28.60	27.60	26.60	39.30	3.30	0.00	0.00
70.10	29.80	28.60	27.50	26.50	39.80	2.80	0.00	0.00
70.20	29.80	28.60	27.50	26.50	40.80	2.80	0.00	0.00
70.30	29.80	28.50	27.50	26.50	39.60	3.10	0.00	0.00
70.40	29.70	28.50	27.60	26.50	39.80	3.10	0.00	0.00
70.50	29.70	28.50	27.60	26.50	39.80	2.70	0.00	0.00
70.60	29.70	28.60	27.60	26.60	39.80	2.80	0.00	0.00
70.70	29.70	28.50	27.50	26.50	39.80	3.00	0.00	0.00
70.80	29.70	28.50	27.50	26.50	40.20	1.60	0.00	0.00
70.90	29.70	28.50	27.50	26.50	39.60	2.80	0.00	0.00
71.00	29.70	28.40	27.50	26.50	39.80	3.30	0.00	0.00
71.10	29.70	28.40	27.50	26.50	39.50	2.80	0.00	0.00
71.20	29.70	28.50	27.50	26.50	39.90	3.30	0.00	0.00
71.30	29.60	28.50	27.50	26.50	39.80	3.30	0.00	0.00
71.40	29.60	28.50	27.50	26.50	39.60	3.10	0.00	0.00
71.50	29.70	28.50	27.60	26.40	39.80	3.00	0.00	0.00
71.60	29.70	28.50	27.60	26.40	39.80	3.00	0.00	0.00
71.70	29.60	28.40	27.50	26.40	39.80	3.40	0.00	0.00
71.80	29.60	28.50	27.50	26.40	39.80	3.00	0.00	0.00
71.90	29.60	28.50	27.50	26.40	39.90	2.70	0.00	0.00
72.00	29.60	28.60	27.60	26.50	39.60	2.70	0.00	0.00
72.10	29.70	28.50	27.50	26.50	38.10	3.00	0.00	0.00
72.20	29.70	28.50	27.50	26.50	39.60	3.10	0.00	0.00
72.30	29.70	28.50	27.60	26.50	40.10	2.50	0.00	0.00
72.40	29.70	28.50	27.60	26.50	39.90	2.70	0.00	0.00
72.50	29.70	28.60	27.50	26.50	39.90	2.70	0.00	0.00
72.60	29.60	28.40	27.50	26.50	40.10	3.00	0.00	0.00
72.70	29.60	28.40	27.50	26.50	39.90	2.70	0.00	0.00
72.80	29.70	28.60	27.60	26.50	40.70	3.10	0.00	0.00
72.90	29.70	28.40	27.50	26.50	40.10	2.80	0.00	0.00
73.00	29.70	28.40	27.50	26.50	39.80	3.00	0.00	0.00
73.10	29.70	28.50	27.60	26.60	39.50	2.80	0.00	0.00
73.20	29.70	28.60	27.50	26.40	39.80	3.00	0.00	0.00
73.30	29.70	28.60	27.50	26.40	39.90	2.80	0.00	0.00
73.40	29.70	28.60	27.70	26.50	39.90	2.80	0.00	0.00
73.50	29.70	28.60	27.70	26.50	39.80	2.50	0.00	0.00
73.60	29.60	28.40	27.60	26.50	40.10	3.00	0.00	0.00
73.70	29.70	28.70	27.60	26.50	40.10	2.50	0.00	0.00
73.80	29.80	28.50	27.60	26.50	39.90	2.70	0.00	0.00
73.90	29.80	28.50	27.60	26.50	39.90	1.70	0.00	0.00
74.00	29.60	28.50	27.50	26.50	39.90	3.10	0.00	0.00
74.10	29.60	28.50	27.50	26.50	40.20	3.10	0.00	0.00
74.20	29.70	28.60	27.60	26.60	39.60	3.40	0.00	0.00
74.30	29.60	28.50	27.60	26.40	39.60	3.40	0.00	0.00
74.40	29.60	28.50	27.60	26.40	39.60	3.00	0.00	0.00
74.50	29.60	28.40	27.40	26.50	39.90	3.30	0.00	0.00
74.60	29.60	28.50	27.50	26.40	40.20	3.00	0.00	0.00
74.70	29.60	28.50	27.50	26.40	39.30	2.70	0.00	0.00
74.80	29.60	28.50	27.50	26.50	39.30	3.10	0.00	0.00
74.90	29.80	28.60	27.60	26.60	40.70	2.70	0.00	0.00
75.00	29.80	28.60	27.60	26.60	39.90	2.70	0.00	0.00
75.10	29.60	28.60	27.60	26.50	39.90	3.40	0.00	0.00
75.20	29.60	28.60	27.60	26.60	39.90	3.40	0.00	0.00
75.30	29.60	28.60	27.60	26.60	40.10	3.10	0.00	0.00
75.40	29.60	28.50	27.50	26.40	39.80	3.30	0.00	0.00
75.50	29.60	28.50	27.60	26.40	39.80	3.30	0.00	0.00
75.60	29.60	28.50	27.60	26.40	39.80	3.00	0.00	0.00
75.70	29.60	28.50	27.60	26.50	39.60	2.80	0.00	0.00
75.80	29.60	28.60	27.50	26.60	39.60	2.80	0.00	0.00
75.90	29.60	28.60	27.50	26.60	39.90	2.70	0.00	0.00
76.00	29.70	28.50	27.50	26.50	40.10	2.70	0.00	0.00
76.10	29.60	28.60	27.60	26.50	40.10	2.70	0.00	0.00
76.20	29.60	28.60	27.60	26.50	39.80	3.10	0.00	0.00
76.30	29.60	28.50	27.50	26.40	39.50	2.70	0.00	0.00
76.40	29.60	28.50	27.50	26.40	40.20	3.00	0.00	0.00
76.50	29.60	28.50	27.50	26.40	39.30	2.80	0.00	0.00
76.60	29.60	28.60	27.50	26.60	39.60	2.40	0.00	0.00
76.70	29.70	28.40	27.60	26.40	39.90	3.00	0.00	0.00
76.80	29.70	28.40	27.60	26.40	40.10	2.80	0.00	0.00
76.90	29.60	28.50	27.50	26.50	39.80	3.40	0.00	0.00
77.00	29.60	28.50	27.50	26.50	39.80	3.40	0.00	0.00
77.10	29.50	28.50	27.60	26.40	40.10	2.80	0.00	0.00
77.20	29.50	28.50	27.50	26.50	39.80	3.10	0.00	0.00
77.30	29.50	28.50	27.50	26.50	40.10	3.30	0.00	0.00
77.40	29.60	28.50	27.60	26.50	39.80	2.80	0.00	0.00
77.50	29.50	28.50	27.60	26.50	39.90	2.70	0.00	0.00
77.60	29.50	28.50	27.60	26.50	39.80	2.50	0.00	0.00
77.70	29.50	28.50	27.40	26.50	40.20	2.50	0.00	0.00
77.80	29.50	28.50	27.50	26.50	39.60	3.00	0.00	0.00
77.90	29.50	28.50	27.50	26.50	39.60	2.80	0.00	0.00
78.00	29.70	28.60	27.60	26.50	39.60	2.80	0.00	0.00
78.10	29.60	28.50	27.50	26.50	39.50	3.00	0.00	0.00
78.20	29.60	28.50	27.50	26.50	39.50	3.10	0.00	0.00
78.30	29.60	28.50	27.60	26.60	39.50	2.50	0.00	0.00
78.40	29.50	28.50	27.60	26.60	40.10	3.40	0.00	0.00
78.50	29.50	28.50	27.60	26.60	40.10	3.00	0.00	0.00
78.60	29.50	28.60	27.50	26.40	39.80	2.50	0.00	0.00
78.70	29.50	28.40	27.50	26.40	39.90	3.10	0.00	0.00
78.80	29.50	28.40	27.50	26.40	39.80	2.50	0.00	0.00
78.90	29.50	28.60	27.50	26.50	39.80	2.50	0.00	0.00
79.00	29.50	28.70	27.70	26.60	37.80	3.00	0.00	0.00
79.10	29.50	28.70	27.70	26.60	39.90	3.00	0.00	0.00
79.20	29.40	28.50	27.60	26.40	39.90	2.80	0.00	0.00
79.30	29.50	28.50	27.60	26.50	39.90	2.80	0.00	0.00
79.40	29.50	28.50	27.60	26.50	40.10	2.70	0.00	0.00
79.50	29.50	28.60	27.50	26.60	40.10	3.00	0.00	0.00
79.60	29.50	28.60	27.50	26.60	40.50	2.70	0.00	0.00
79.70	29.50	28.50	27.50	26.50	39.90	3.10	0.00	0.00
79.80	29.50	28.50	27.50	26.50	39.90	3.10	0.00	0.00
79.90	29.50	28.50	27.50	26.50	39.90	3.10	0.00	0.00
80.00	29.50	28.50	27.50	26.60	39.50	2.70	0.00	0.00
80.10	29.50	28.50	27.50	26.50	40.40	2.80	0.00	0.00
80.20	29.50	28.50	27.50	26.50	40.10	3.00	0.00	0.00
80.30	29.50	28.40	27.50	26.50	39.90	3.30	0.00	0.00
80.40	29.60	28.60	27.50	26.60	39.90	2.80	0.00	0.00
80.50	29.60	28.60	27.50	26.60	39.30	2.50	0.00	0.00
80.60	29.50	28.50	27.60	26.50	38.10	3.00	0.00	0.00
80.70	29.50	28.50	27.60	26.50	38.10	3.00	0.00	0.00
80.80	29.50	28.50	27.60	26.50	39.80	3.30	0.00	0.00
80.90	29.50	28.50	27.60	26.50	39.60	3.10	0.00	0.00
81.00	29.50	28.50	27.60	26.50	39.80	2.80	0.00	0.00
81.10	29.40	28.40	27.50	26.40	39.90	3.00	0.00	0.00
81.20	29.40	28.50	27.60	26.40	39.90	3.00	0.00	0.00
81.30	29.40	28.50	27.60	26.40	39.80	3.10	0.00	0.00
81.40	29.50	28.40	27.50	26.50	39.50	3.00	0.00	0.00
81.50	29.40	28.50	27.60	26.50	39.90	2.70	0.00	0.00
81.60	29.40	28.50	27.60	26.50	39.50	2.80	0.00	0.00
81.70	29.40	28.40	27.40	26.40	39.50	2.80	0.00	0.00
81.80	29.50	28.60	27.50	26.50	40.20	2.80	0.00	0.00
81.90	29.50	28.60	27.50	26.50	40.20	2.50	0.00	0.00
82.00	29.60	28.60	27.60	26.60	39.60	3.10	0.00	0.00
82.10	29.60	28.60	27.60	26.60	39.30	3.10	0.00	0.00
82.20	29.50	28.50	27.50	26.50	39.90	3.00	0.00	0.00
82.30	29.40	28.40	27.50	26.50	40.50	3.00	0.00	0.00
82.40	29.40	28.40	27.50	26.50	39.80	3.00	0.00	0.00
82.50	29.50	28.50	27.50	26.40	39.80	2.80	0.00	0.00
82.60	29.40	28.50	27.50	26.50	39.80	2.80	0.00	0.00
82.70	29.40	28.50	27.50	26.50	39.50	3.60	0.00	0.00
82.80	29.40	28.50	27.50	26.50	39.80	3.10	0.00	0.00
82.90	29.40	28.50	27.50	26.50	39.80	3.00	0.00	0.00
83.00	29.50	28.50	27.50	26.50	40.20	1.30	0.00	0.00
83.10	29.40	28.50	27.60	26.50	39.80	2.80	0.00	0.00
83.20	29.40	28.50	27.60	26.50	39.50	2.80	0.00	0.00
83.30	29.40	28.50	27.60	26.40	39.90	2.80	0.00	0.00
83.40	29.40	28.50	27.60	26.70	39.50	2.80	0.00	0.00
83.50	29.40	28.50	27.60	26.70	39.80	2.80	0.00	0.00
83.60	29.40	28.40	27.50	26.40	39.80	2.80	0.00	0.00
83.70	29.40	28.50	27.60	26.50	40.10	2.80	0.00	0.00
83.80	29.40	28.50	27.60	26.50	39.90	2.70	0.00	0.00
83.90	29.40	28.60	27.70	26.50	39.80	3.00	0.00	0.00
84.00	29.40	28.50	27.50	26.50	40.10	3.10	0.00	0.00
84.10	29.40	28.50	27.50	26.50	39.80	2.80	0.00	0.00
84.20	29.30	28.40	27.40	26.30	39.80	2.70	0.00	0.00
84.30	29.30	28.60	27.50	26.40	39.80	3.10	0.00	0.00
84.40	29.30	28.60	27.50	26.40	40.40	2.70	0.00	0.00
84.50	29.50	28.50	27.50	26.50	40.40	2.70	0.00	0.00
84.60	29.30	28.40	27.50	26.50	39.50	3.10	0.00	0.00
84.70	29.30	28.40	27.50	26.50	39.30	2.70	0.00	0.00
84.80	29.30	28.50	27.40	26.30	39.60	3.10	0.00	0.00
84.90	29.40	28.50	27.50	26.60	39.30	2.80	0.00	0.00
85.00	29.40	28.50	27.50	26.60	39.60	3.00	0.00	0.00
85.10	29.30	28.20	27.40	26.30	39.80	3.00	0.00	0.00
85.20	29.40	28.40	27.60	26.50	39.80	3.00	0.00	0.00
85.30	29.40	28.40	27.60	26.50	39.80	2.80	0.00	0.00
85.40	29.30	28.50	27.50	26.40	39.80	2.80	0.00	0.00
85.50	29.30	28.40	27.40	26.40	39.80	2.80	0.00	0.00
85.60	29.30	28.40	27.40	26.40	40.70	2.70	0.00	0.00
85.70	29.40	28.60	27.60	26.60	40.10	2.80	0.00	0.00
85.80	29.40	28.60	27.60	26.60	39.60	2.80	0.00	0.00
85.90	29.30	28.50	27.50	26.50	39.80	2.70	0.00	0.00
86.00	29.40	28.40	27.50	26.50	40.20	3.00	0.00	0.00
86.10	29.40	28.40	27.50	26.50	40.10	2.70	0.00	0.00
86.20	29.40	28.50	27.50	26.50	39.60	2.70	0.00	0.00
86.30	29.50	28.50	27.50	26.50	39.80	2.80	0.00	0.00
86.40	29.50	28.50	27.50	26.50	39.80	2.80	0.00	0.00
86.50	29.50	28.60	27.60	26.50	39.80	3.00	0.00	0.00
86.60	29.40	28.30	27.40	26.40	39.90	2.70	0.00	0.00
86.70	29.40	28.30	27.40	26.40	40.80	2.50	0.00	0.00
86.80	29.40	28.60	27.60	26.50	39.80	2.50	0.00	0.00
86.90	29.30	28.50	27.50	26.50	39.80	2.50	0.00	0.00
87.00	29.30	28.50	27.50	26.50	39.80	2.80	0.00	0.00
87.10	29.30	28.40	27.40	26.40	39.90	3.00	0.00	0.00
87.20	29.20	28.40	27.50	26.40	39.90	3.00	0.00	0.00
87.30	29.20	28.40	27.50	26.40	40.10	2.80	0.00	0.00
87.40	29.40	28.40	27.60	26.50	40.10	2.80	0.00	0.00
87.50	29.30	28.50	27.50	26.50	39.80	2.70	0.00	0.00
87.60	29.30	28.50	27.50	26.50	40.10	3.00	0.00	0.00
87.70	29.40	28.50	27.50	26.60	39.30	3.30	0.00	0.00
87.80	29.40	28.60	27.60	26.50	39.80	2.80	0.00	0.00
87.90	29.40	28.60	27.60	26.50	39.60	3.10	0.00	0.00
88.00	29.40	28.50	27.50	26.50	39.80	3.30	0.00	0.00
88.10	29.30	28.40	27.60	26.50	39.50	3.00	0.00	0.00
88.20	29.30	28.40	27.60	26.50	39.80	3.00	0.00	0.00
88.30	29.30	28.50	27.50	26.50	39.80	3.00	0.00	0.00
88.40	29.30	28.50	27.50	26.50	39.30	2.50	0.00	0.00
88.50	29.40	28.50	27.50	26.50	39.80	2.40	0.00	0.00
88.60	29.30	28.40	27.40	26.50	39.90	2.80	0.00	0.00
88.70	29.30	28.40	27.40	26.50	40.10	2.80	0.00	0.00
88.80	29.30	28.50	27.40	26.40	39.80	3.00	0.00	0.00
88.90	29.40	28.50	27.60	26.50	39.60	3.00	0.00	0.00
89.00	29.40	28.50	27.60	26.50	39.80	3.00	0.00	0.00
89.10	29.30	28.50	27.60	26.50	39.90	3.00	0.00	0.00
89.20	29.40	28.50	27.60	26.50	39.90	3.00	0.00	0.00
89.30	29.40	28.50	27.60	26.50	39.50	3.00	0.00	0.00
89.40	29.30	28.60	27.60	26.70	39.90	2.70	0.00	0.00
89.50	29.40	28.70	27.60	26.50	39.80	3.00	0.00	0.00
89.60	29.40	28.70	27.60	26.50	39.60	2.50	0.00	0.00
89.70	29.50	28.60	27.70	26.50	39.80	2.70	0.00	0.00
89.80	29.40	28.60	27.60	26.60	39.80	3.00	0.00	0.00
89.90	29.40	28.60	27.60	26.60	38.40	3.00	0.00	0.00
90.00	29.30	28.40	27.60	26.50	39.90	2.80	0.00	0.00
90.10	29.30	28.40	27.60	26.50	39.90	2.80	0.00	0.00
90.20	29.30	28.50	27.50	26.40	39.90	2.50	0.00	0.00
90.30	29.30	28.50	27.50	26.40	39.90	3.00	0.00	0.00
90.40	29.30	28.50	27.50	26.40	39.80	2.80	0.00	0.00
90.50	29.40	28.40	27.60	26.50	39.80	3.30	0.00	0.00
90.60	29.20	28.50	27.50	26.50	40.10	3.30	0.00	0.00
90.70	29.20	28.50	27.50	26.50	39.50	2.50	0.00	0.00
90.80	29.20	28.60	27.50	26.50	40.10	2.20	0.00	0.00
90.90	29.20	28.60	27.50	26.50	39.80	2.80	0.00	0.00
91.00	29.30	28.40	27.50	26.50	39.80	2.80	0.00	0.00
91.10	29.30	28.40	27.50	26.50	39.80	2.80	0.00	0.00
91.20	29.30	28.40	27.50	26.50	39.60	2.70	0.00	0.00
91.30	29.40	28.50	27.60	26.50	39.80	3.00	0.00	0.00
91.40	29.40	28.50	27.60	26.50	39.90	3.00	0.00	0.00
91.50	29.30	28.50	27.70	26.50	39.90	2.80	0.00	0.00
91.60	29.40	28.50	27.60	26.60	39.50	2.80	0.00	0.00
91.70	29.40	28.50	27.60	26.60	40.10	2.80	0.00	0.00
91.80	29.30	28.60	27.60	26.50	40.10	3.00	0.00	0.00
91.90	29.10	28.40	27.50	26.40	39.60	3.30	0.00	0.00
92.00	29.10	28.40	27.50	26.40	39.60	3.30	0.00	0.00
92.10	29.40	28.50	27.60	26.60	39.80	2.50	0.00	0.00
92.20	29.20	28.40	27.50	26.40	38.80	2.80	0.00	0.00
92.30	29.20	28.40	27.50	26.40	39.60	3.00	0.00	0.00
92.40	29.30	28.60	27.60	26.60	39.60	3.10	0.00	0.00
92.50	29.30	28.60	27.60	26.60	39.90	2.80	0.00	0.00
92.60	29.30	28.50	27.50	26.50	39.60	3.00	0.00	0.00
92.70	29.40	28.60	27.60	26.60	40.10	2.80	0.00	0.00
92.80	29.40	28.60	27.60	26.60	39.80	3.30	0.00	0.00
92.90	29.40	28.50	27.60	26.60	39.80	3.30	0.00	0.00
93.00	29.30	28.30	27.40	26.30	39.50	2.50	0.00	0.00
93.10	29.30	28.30	27.40	26.30	40.10	2.70	0.00	0.00
93.20	29.20	28.50	27.50	26.40	40.10	2.80	0.00	0.00
93.30	29.40	28.50	27.70	26.50	39.90	2.80	0.00	0.00
93.40	29.40	28.50	27.70	26.50	39.90	3.00	0.00	0.00
93.50	29.30	28.50	27.50	26.60	39.60	3.00	0.00	0.00
93.60	29.30	28.40	27.50	26.40	39.60	3.10	0.00	0.00
93.70	29.30	28.40	27.50	26.40	39.60	2.80	0.00	0.00
93.80	29.20	28.40	27.40	26.40	39.80	3.00	0.00	0.00
93.90	29.40	28.50	27.60	26.60	39.80	3.00	0.00	0.00
94.00	29.40	28.50	27.60	26.60	39.90	2.50	0.00	0.00
94.10	29.20	28.50	27.70	26.50	40.10	2.50	0.00	0.00
94.20	29.20	28.40	27.40	26.40	40.10	2.70	0.00	0.00
94.30	29.20	28.40	27.40	26.40	39.90	2.70	0.00	0.00
94.40	29.20	28.40	27.40	26.50	39.80	2.50	0.00	0.00
94.50	29.20	28.50	27.60	26.60	40.10	2.70	0.00	0.00
94.60	29.20	28.50	27.60	26.60	39.50	3.00	0.00	0.00
94.70	29.40	28.50	27.60	26.60	39.80	2.80	0.00	0.00
94.80	29.40	28.50	27.60	26.60	39.80	2.80	0.00	0.00
94.90	29.30	28.50	27.50	26.60	39.60	2.40	0.00	0.00
95.00	29.20	28.40	27.50	26.50	39.80	2.80	0.00	0.00
95.10	29.20	28.40	27.50	26.50	39.80	3.00	0.00	0.00
95.20	29.30	28.50	27.50	26.50	39.90	3.30	0.00	0.00
95.30	29.20	28.40	27.40	26.50	39.90	3.00	0.00	0.00
95.40	29.20	28.40	27.40	26.50	40.20	2.80	0.00	0.00
95.50	29.20	28.40	27.50	26.40	39.90	2.70	0.00	0.00
95.60	29.30	28.60	27.60	26.60	38.80	3.10	0.00	0.00
95.70	29.30	28.60	27.60	26.60	39.80	2.50	0.00	0.00
95.80	29.30	28.50	27.60	26.60	39.80	2.50	0.00	0.00
95.90	29.30	28.50	27.60	26.60	40.20	1.90	0.00	0.00
96.00	29.30	28.60	27.60	26.50	39.80	4.20	0.00	0.00
96.10	29.30	28.40	27.60	26.50	39.60	3.00	0.00	0.00
96.20	29.30	28.40	27.60	26.50	39.60	2.80	0.00	0.00
96.30	29.30	28.40	27.50	26.40	39.90	2.50	0.00	0.00
96.40	29.20	28.50	27.50	26.50	39.80	3.00	0.00	0.00
96.50	29.20	28.50	27.50	26.50	39.20	3.10	0.00	0.00
96.60	29.30	28.40	27.50	26.50	39.90	2.40	0.00	0.00
96.70	29.30	28.40	27.50	26.50	39.90	2.40	0.00	0.00
96.80	29.30	28.50	27.60	26.50	39.30	2.70	0.00	0.00
96.90	29.20	28.50	27.50	26.50	39.50	2.70	0.00	0.00
97.00	29.20	28.50	27.50	26.50	39.80	2.80	0.00	0.00
97.10	29.30	28.50	27.50	26.60	39.80	2.80	0.00	0.00
97.20	29.20	28.30	27.40	26.40	39.50	3.00	0.00	0.00
97.30	29.20	28.30	27.40	26.40	39.80	2.80	0.00	0.00
97.40	29.10	28.50	27.50	26.50	39.60	3.40	0.00	0.00
97.50	29.40	28.50	27.60	26.60	39.50	3.00	0.00	0.00
97.60	29.40	28.50	27.60	26.60	39.50	3.00	0.00	0.00
97.70	29.20	28.50	27.50	26.50	39.50	2.70	0.00	0.00
97.80	29.20	28.50	27.50	26.50	39.60	2.50	0.00	0.00
97.90	29.20	28.50	27.50	26.50	39.80	2.70	0.00	0.00
98.00	29.30	28.40	27.50	26.40	39.50	2.80	0.00	0.00
98.10	29.30	28.50	27.70	26.70	39.90	2.50	0.00	0.00
98.20	29.30	28.50	27.70	26.70	39.80	3.10	0.00	0.00
98.30	29.30	28.50	27.40	26.40	39.80	2.80	0.00	0.00
98.40	29.30	28.50	27.40	26.40	39.60	3.10	0.00	0.00
98.50	29.30	28.50	27.60	26.60	39.60	3.10	0.00	0.00
98.60	29.20	28.40	27.60	26.40	40.10	2.70	0.00	0.00
98.70	29.20	28.40	27.60	26.40	40.20	2.80	0.00	0.00
98.80	29.20	28.40	27.50	26.50	39.30	3.00	0.00	0.00
98.90	29.20	28.40	27.50	26.40	39.90	3.00	0.00	0.00
99.00	29.20	28.40	27.50	26.40	39.80	2.70	0.00	0.00
99.10	29.30	28.50	27.60	26.40	39.80	3.00	0.00	0.00
99.20	29.00	28.40	27.50	26.40	39.60	2.70	0.00	0.00
99.30	29.00	28.40	27.50	26.40	39.90	3.10	0.00	0.00
99.40	29.30	28.50	27.50	26.50	40.10	3.00	0.00	0.00
99.50	29.30	28.50	27.50	26.50	40.10	3.00	0.00	0.00
99.60	29.40	28.60	27.60	26.60	39.60	2.80	0.00	0.00
99.70	29.30	28.50	27.50	26.50	39.90	3.00	0.00	0.00
99.80	29.30	28.50	27.50	26.50	39.80	3.10	0.00	0.00
99.90	29.10	28.40	27.50	26.50	39.30	2.80	0.00	0.00
100.00	29.30	28.50	27.60	26.60	40.10	3.00	0.00	0.00
100.10	29.30	28.50	27.60	26.60	39.60	3.10	0.00	0.00
100.20	29.30	28.60	27.50	26.50	39.80	3.00	0.00	0.00
100.30	29.30	28.50	27.50	26.40	39.60	3.00	0.00	0.00
100.40	29.30	28.50	27.50	26.40	39.60	3.00	0.00	0.00
100.50	29.20	28.40	27.50	26.50	39.90	3.00	0.00	0.00
100.60	29.20	28.40	27.50	26.50	39.80	1.00	0.00	0.00
100.70	29.20	28.40	27.50	26.50	38.80	3.10	0.00	0.00
100.80	29.10	28.40	27.40	26.40	39.60	3.00	0.00	0.00
100.90	29.20	28.50	27.50	26.50	39.90	3.30	0.00	0.00
101.00	29.20	28.50	27.50	26.50	39.90	2.50	0.00	0.00
101.10	29.10	28.60	27.60	26.50	39.90	2.70	0.00	0.00
101.20	29.10	28.60	27.60	26.50	39.80	2.70	0.00	0.00
101.30	29.10	28.40	27.50	26.40	39.60	2.50	0.00	0.00
101.40	29.20	28.50	27.50	26.40	39.60	2.50	0.00	0.00
101.50	29.20	28.50	27.50	26.40	40.40	2.50	0.00	0.00
101.60	29.20	28.50	27.60	26.60	39.60	2.70	0.00	0.00
101.70	29.20	28.50	27.40	26.50	40.10	3.00	0.00	0.00
101.80	29.20	28.50	27.40	26.50	39.60	3.10	0.00	0.00
101.90	29.30	28.40	27.50	26.50	40.10	3.10	0.00	0.00
102.00	29.10	28.50	27.50	26.50	40.10	3.00	0.00	0.00
102.10	29.10	28.50	27.50	26.50	39.60	2.80	0.00	0.00
102.20	29.20	28.50	27.60	26.60	39.60	3.10	0.00	0.00
102.30	29.20	28.50	27.60	26.60	39.60	3.10	0.00	0.00
102.40	29.10	28.40	27.50	26.40	39.80	3.10	0.00	0.00
102.50	29.20	28.50	27.60	26.50	40.20	2.70	0.00	0.00
102.60	29.20	28.40	27.50	26.50	39.80	2.70	0.00	0.00
102.70	29.20	28.40	27.50	26.50	40.10	1.40	0.00	0.00
102.80	29.30	28.40	27.50	26.50	39.90	3.10	0.00	0.00
102.90	29.30	28.40	27.50	26.50	39.80	3.00	0.00	0.00
103.00	29.10	28.50	27.60	26.40	39.90	3.60	0.00	0.00
103.10	29.10	28.40	27.50	26.50	39.80	3.10	0.00	0.00
103.20	29.10	28.40	27.50	26.50	39.80	3.10	0.00	0.00
103.30	29.10	28.60	27.60	26.60	40.10	2.80	0.00	0.00
103.40	29.10	28.60	27.60	26.60	40.70	2.50	0.00	0.00
103.50	29.10	28.50	27.50	26.50	39.60	2.70	0.00	0.00
103.60	29.30	28.60	27.70	26.70	39.90	2.80	0.00	0.00
103.70	29.30	28.60	27.70	26.70	39.90	3.30	0.00	0.00
103.80	29.30	28.60	27.70	26.50	39.80	2.70	0.00	0.00
103.90	29.20	28.40	27.50	26.50	40.10	3.00	0.00	0.00
104.00	29.20	28.40	27.50	26.50	39.60	2.80	0.00	0.00
104.10	29.10	28.60	27.50	26.50	39.60	2.80	0.00	0.00
104.20	29.20	28.60	27.60	26.50	39.80	2.70	0.00	0.00
104.30	29.20	28.60	27.60	26.50	39.60	3.00	0.00	0.00
104.40	29.20	28.40	27.50	26.40	39.80	3.00	0.00	0.00
104.50	29.20	28.40	27.50	26.40	40.40	2.50	0.00	0.00
104.60	29.30	28.60	27.60	26.60	39.60	3.40	0.00	0.00
104.70	29.20	28.50	27.60	26.50	40.10	2.80	0.00	0.00
104.80	29.20	28.50	27.60	26.50	39.60	2.70	0.00	0.00
104.90	29.20	28.60	27.60	26.60	39.50	2.50	0.00	0.00
105.00	29.00	28.30	27.40	26.50	40.10	2.70	0.00	0.00
105.10	29.00	28.30	27.40	26.50	40.10	2.70	0.00	0.00
105.20	29.10	28.40	27.40	26.50	40.20	2.70	0.00	0.00
105.30	29.10	28.50	27.50	26.40	39.60	3.00	0.00	0.00
105.40	29.10	28.50	27.50	26.40	41.00	2.50	0.00	0.00
105.50	29.10	28.40	27.60	26.40	39.50	2.80	0.00	0.00
105.60	29.20	28.60	27.60	26.60	39.60	2.80	0.00	0.00
105.70	29.20	28.60	27.60	26.60	39.60	2.80	0.00	0.00
105.80	29.00	28.50	27.50	26.40	39.60	2.80	0.00	0.00
105.90	29.20	28.50	27.50	26.40	40.10	2.80	0.00	0.00
106.00	29.20	28.50	27.50	26.40	40.10	2.80	0.00	0.00
106.10	29.20	28.50	27.60	26.60	39.60	3.10	0.00	0.00
106.20	29.20	28.50	27.50	26.60	40.10	2.80	0.00	0.00
106.30	29.20	28.50	27.50	26.60	40.10	0.70	0.00	0.00
106.40	29.10	28.50	27.50	26.30	39.90	2.20	0.00	0.00
106.50	29.10	28.50	27.50	26.30	39.60	3.00	0.00	0.00
106.60	29.00	28.40	27.50	26.40	39.50	2.80	0.00	0.00
106.70	29.20	28.50	27.50	26.50	40.10	2.80	0.00	0.00
106.80	29.20	28.50	27.50	26.50	39.60	2.70	0.00	0.00
106.90	29.20	28.60	27.70	26.50	39.60	2.70	0.00	0.00
107.00	29.20	28.40	27.50	26.50	39.90	3.00	0.00	0.00
107.10	29.20	28.40	27.50	26.50	39.80	2.70	0.00	0.00
107.20	29.20	28.40	27.50	26.50	39.60	2.50	0.00	0.00
107.30	29.10	28.50	27.50	26.50	39.20	3.00	0.00	0.00
107.40	29.10	28.50	27.50	26.50	39.80	2.70	0.00	0.00
107.50	29.10	28.50	27.50	26.50	39.60	2.50	0.00	0.00
107.60	29.20	28.60	27.60	26.50	39.80	2.80	0.00	0.00
107.70	29.20	28.60	27.60	26.50	39.60	3.30	0.00	0.00
107.80	29.20	28.50	27.60	26.50	39.60	3.30	0.00	0.00
107.90	29.10	28.50	27.40	26.50	39.80	3.60	0.00	0.00
108.00	29.10	28.50	27.40	26.50	39.30	2.80	0.00	0.00
108.10	29.10	28.50	27.50	26.40	39.80	2.70	0.00	0.00
108.20	29.10	28.50	27.50	26.50	39.90	3.10	0.00	0.00
108.30	29.10	28.50	27.50	26.50	39.60	2.50	0.00	0.00
108.40	29.10	28.50	27.50	26.50	39.80	2.40	0.00	0.00
108.50	29.20	28.50	27.50	26.50	39.80	3.10	0.00	0.00
108.60	29.20	28.50	27.50	26.50	39.80	2.50	0.00	0.00
108.70	29.20	28.40	27.60	26.50	39.80	2.80	0.00	0.00
108.80	29.20	28.40	27.40	26.50	39.80	2.80	0.00	0.00
108.90	29.20	28.40	27.40	26.50	39.60	3.10	0.00	0.00
109.00	29.10	28.50	27.40	26.50	40.10	3.10	0.00	0.00
109.10	29.10	28.50	27.40	26.50	39.50	2.80	0.00	0.00
109.20	29.20	28.60	27.60	26.60	39.90	3.10	0.00	0.00
109.30	29.10	28.50	27.50	26.40	40.10	2.80	0.00	0.00
109.40	29.10	28.50	27.50	26.40	39.90	2.70	0.00	0.00
109.50	29.10	28.30	27.40	26.30	40.10	2.80	0.00	0.00
109.60	29.10	28.40	27.40	26.30	39.60	3.10	0.00	0.00
109.70	29.10	28.40	27.40	26.30	39.80	3.30	0.00	0.00
109.80	29.00	28.40	27.50	26.50	39.80	3.30	0.00	0.00
109.90	29.10	28.50	27.40	26.40	39.60	2.80	0.00	0.00
110.00	29.10	28.50	27.40	26.40	39.50	2.80	0.00	0.00
110.10	29.10	28.40	27.60	26.50	39.60	2.80	0.00	0.00
110.20	29.10	28.40	27.60	26.50	39.60	2.70	0.00	0.00
110.30	29.20	28.50	27.50	26.60	39.50	2.80	0.00	0.00
110.40	29.00	28.50	27.50	26.40	39.80	2.80	0.00	0.00
110.50	29.00	28.50	27.50	26.40	39.90	2.70	0.00	0.00
110.60	29.20	28.50	27.60	26.50	39.50	3.00	0.00	0.00
110.70	29.20	28.50	27.50	26.50	39.90	2.80	0.00	0.00
110.80	29.20	28.50	27.50	26.50	39.90	2.80	0.00	0.00
110.90	29.10	28.50	27.50	26.50	39.60	2.70	0.00	0.00
111.00	29.00	28.50	27.50	26.40	39.80	3.00	0.00	0.00
111.10	29.00	28.50	27.50	26.40	39.90	3.10	0.00	0.00
111.20	29.10	28.50	27.60	26.50	39.80	2.70	0.00	0.00
111.30	29.10	28.50	27.60	26.50	39.80	2.80	0.00	0.00
111.40	29.20	28.50	27.60	26.40	39.90	2.80	0.00	0.00
111.50	29.10	28.40	27.50	26.50	39.50	3.10	0.00	0.00
111.60	29.10	28.40	27.50	26.50	39.90	3.00	0.00	0.00
111.70	29.10	28.50	27.50	26.30	39.90	3.00	0.00	0.00
111.80	29.10	28.50	27.50	26.30	39.80	2.80	0.00	0.00
111.90	29.10	28.50	27.50	26.50	39.50	2.80	0.00	0.00
112.00	29.20	28.60	27.70	26.60	39.80	2.80	0.00	0.00
112.10	29.20	28.60	27.70	26.60	39.60	4.00	0.00	0.00
112.20	29.10	28.60	27.60	26.50	39.90	2.40	0.00	0.00
112.30	29.10	28.60	27.60	26.50	39.60	2.70	0.00	0.00
112.40	29.00	28.40	27.50	26.40	39.90	3.00	0.00	0.00
112.50	29.20	28.60	27.60	26.60	40.10	3.10	0.00	0.00
112.60	29.20	28.60	27.60	26.60	40.10	3.10	0.00	0.00
112.70	29.00	28.50	27.40	26.40	39.60	2.70	0.00	0.00
112.80	29.10	28.40	27.60	26.50	39.80	3.30	0.00	0.00
112.90	29.10	28.40	27.60	26.50	39.90	2.80	0.00	0.00
113.00	29.20	28.60	27.70	26.60	39.80	2.80	0.00	0.00
113.10	29.20	28.60	27.70	26.60	39.90	3.10	0.00	0.00
113.20	29.00	28.30	27.40	26.40	40.10	2.80	0.00	0.00
113.30	29.00	28.40	27.40	26.40	39.60	3.10	0.00	0.00
113.40	29.00	28.40	27.40	26.40	39.50	2.50	0.00	0.00
113.50	29.10	28.40	27.60	26.40	39.60	3.00	0.00	0.00
113.60	29.10	28.40	27.60	26.40	39.60	3.00	0.00	0.00
113.70	29.10	28.40	27.40	26.50	40.10	2.80	0.00	0.00
113.80	29.10	28.50	27.50	26.50	39.80	3.10	0.00	0.00
113.90	29.10	28.50	27.50	26.50	39.60	1.60	0.00	0.00
114.00	29.10	28.50	27.40	26.50	39.60	2.70	0.00	0.00
114.10	29.10	28.50	27.40	26.50	39.60	2.70	0.00	0.00
114.20	29.10	28.50	27.50	26.50	40.20	2.70	0.00	0.00
114.30	29.10	28.50	27.60	26.50	39.60	2.70	0.00	0.00
114.40	29.10	28.50	27.60	26.50	39.80	3.10	0.00	0.00
114.50	29.10	28.40	27.40	26.50	39.80	3.10	0.00	0.00
114.60	29.10	28.40	27.40	26.40	39.60	2.80	0.00	0.00
114.70	29.10	28.40	27.50	26.50	39.80	2.80	0.00	0.00
114.80	29.10	28.40	27.50	26.50	39.90	3.00	0.00	0.00
114.90	29.10	28.40	27.50	26.50	39.80	2.50	0.00	0.00
115.00	29.10	28.40	27.50	26.50	39.90	2.70	0.00	0.00
115.10	29.10	28.40	27.40	26.50	39.50	2.80	0.00	0.00
115.20	29.20	28.50	27.70	26.50	39.50	2.80	0.00	0.00
115.30	29.20	28.50	27.70	26.50	39.80	2.80	0.00	0.00
115.40	29.00	28.30	27.40	26.40	39.90	2.50	0.00	0.00
115.50	29.00	28.40	27.40	26.40	39.90	2.50	0.00	0.00
115.60	29.00	28.40	27.40	26.40	39.80	2.80	0.00	0.00
115.70	29.00	28.30	27.50	26.50	39.80	3.00	0.00	0.00
115.80	29.00	28.40	27.40	26.40	39.90	2.50	0.00	0.00
115.90	29.00	28.40	27.40	26.40	39.60	3.10	0.00	0.00
116.00	29.10	28.50	27.50	26.60	39.60	3.00	0.00	0.00
116.10	29.00	28.40	27.50	26.40	40.10	2.40	0.00	0.00
116.20	29.00	28.40	27.50	26.40	39.90	3.10	0.00	0.00
116.30	29.10	28.50	27.50	26.70	39.80	2.70	0.00	0.00
116.40	29.10	28.50	27.50	26.70	39.80	2.70	0.00	0.00
116.50	29.10	28.50	27.50	26.50	39.80	2.70	0.00	0.00
116.60	29.00	28.50	27.50	26.50	39.60	2.40	0.00	0.00
116.70	29.00	28.50	27.50	26.50	40.50	2.50	0.00	0.00
116.80	29.20	28.60	27.60	26.40	39.50	3.10	0.00	0.00
116.90	29.10	28.40	27.50	26.50	39.60	3.00	0.00	0.00
117.00	29.10	28.40	27.50	26.50	40.10	3.00	0.00	0.00
117.10	29.10	28.50	27.60	26.50	39.60	2.50	0.00	0.00
117.20	29.10	28.50	27.60	26.50	39.90	2.40	0.00	0.00
117.30	29.10	28.50	27.60	26.50	39.90	2.40	0.00	0.00
117.40	29.10	28.50	27.60	26.40	39.60	2.50	0.00	0.00
117.50	29.10	28.40	27.60	26.60	39.80	2.70	0.00	0.00
117.60	29.10	28.40	27.60	26.60	39.60	3.30	0.00	0.00
117.70	29.30	28.60	27.50	26.60	39.80	3.00	0.00	0.00
117.80	29.00	28.40	27.60	26.50	39.50	3.10	0.00	0.00
117.90	29.00	28.40	27.60	26.50	39.80	2.70	0.00	0.00
118.00	29.20	28.60	27.50	26.50	39.90	2.80	0.00	0.00
118.10	29.10	28.60	27.60	26.50	39.60	3.00	0.00	0.00
118.20	29.10	28.60	27.60	26.50	39.60	3.00	0.00	0.00
118.30	29.20	28.50	27.60	26.50	39.80	2.70	0.00	0.00
118.40	29.10	28.50	27.50	26.50	39.90	3.00	0.00	0.00
118.50	29.10	28.50	27.50	26.50	39.80	2.80	0.00	0.00
118.60	29.00	28.40	27.40	26.30	39.90	3.10	0.00	0.00
118.70	29.30	28.60	27.60	26.70	39.90	3.00	0.00	0.00
118.80	29.30	28.60	27.60	26.70	39.80	2.80	0.00	0.00
118.90	29.20	28.50	27.50	26.50	39.80	3.00	0.00	0.00
119.00	29.20	28.50	27.50	26.50	39.60	2.80	0.00	0.00
119.10	29.20	28.50	27.50	26.50	39.60	2.80	0.00	0.00
119.20	29.10	28.50	27.50	26.40	40.20	2.70	0.00	0.00
119.30	29.20	28.60	27.60	26.60	39.80	2.70	0.00	0.00
119.40	29.20	28.60	27.60	26.60	40.40	2.80	0.00	0.00
119.50	29.10	28.50	27.50	26.50	39.80	2.50	0.00	0.00
119.60	29.10	28.50	27.60	26.40	39.60	2.80	0.00	0.00
119.70	29.10	28.50	27.60	26.40	39.60	3.10	0.00	0.00
119.80	29.10	28.50	27.60	26.50	39.60	3.10	0.00	0.00
119.90	29.20	28.50	27.50	26.60	39.60	3.00	0.00	0.00
120.00	29.20	28.50	27.50	26.60	39.60	3.00	0.00	0.00
120.10	29.00	28.30	27.40	26.50	39.80	3.10	0.00	0.00
120.20	29.00	28.50	27.50	26.50	39.90	2.50	0.00	0.00
120.30	29.00	28.50	27.50	26.50	39.60	2.80	0.00	0.00
120.40	29.00	28.50	27.40	26.40	39.60	3.10	0.00	0.00
120.50	29.10	28.40	27.50	26.60	39.90	3.00	0.00	0.00
120.60	29.10	28.40	27.50	26.60	39.60	3.10	0.00	0.00
120.70	29.00	28.50	27.40	26.40	39.50	3.30	0.00	0.00
120.80	29.00	28.50	27.40	26.40	40.20	2.70	0.00	0.00
120.90	29.10	28.40	27.50	26.60	40.20	2.70	0.00	0.00
121.00	29.00	28.50	27.40	26.40	39.90	2.70	0.00	0.00
121.10	29.00	28.50	27.40	26.40	40.10	2.70	0.00	0.00
121.20	29.10	28.50	27.50	26.50	39.80	2.80	0.00	0.00
121.30	29.10	28.60	27.50	26.50	39.60	3.10	0.00	0.00
121.40	29.10	28.60	27.50	26.50	39.90	2.70	0.00	0.00
121.50	29.00	28.40	27.50	26.50	40.10	3.00	0.00	0.00
121.60	29.10	28.50	27.50	26.40	39.90	2.50	0.00	0.00
121.70	29.10	28.50	27.50	26.40	39.60	3.10	0.00	0.00
121.80	29.20	28.50	27.50	26.50	39.80	2.70	0.00	0.00
121.90	29.00	28.50	27.50	26.50	39.80	2.70	0.00	0.00
122.00	29.00	28.50	27.50	26.50	39.80	3.30	0.00	0.00
122.10	29.00	28.40	27.50	26.60	39.90	2.80	0.00	0.00
122.20	29.00	28.40	27.50	26.60	39.80	2.70	0.00	0.00
122.30	29.20	28.60	27.60	26.50	39.80	2.80	0.00	0.00
122.40	29.10	28.50	27.60	26.50	39.80	2.50	0.00	0.00
122.50	29.10	28.50	27.60	26.50	39.50	2.70	0.00	0.00
122.60	29.00	28.50	27.50	26.50	40.10	2.80	0.00	0.00
122.70	29.00	28.50	27.50	26.50	39.80	2.80	0.00	0.00
122.80	28.90	28.50	27.50	26.40	39.60	2.80	0.00	0.00
122.90	29.10	28.50	27.40	26.50	39.60	2.80	0.00	0.00
123.00	29.10	28.50	27.40	26.50	40.50	2.40	0.00	0.00
123.10	29.00	28.40	27.50	26.50	39.80	2.80	0.00	0.00
123.20	29.00	28.40	27.50	26.50	39.60	3.40	0.00	0.00
123.30	29.00	28.40	27.50	26.50	39.60	2.70	0.00	0.00
123.40	29.00	28.50	27.50	26.50	39.50	2.80	0.00	0.00
123.50	29.00	28.50	27.50	26.50	39.60	2.80	0.00	0.00
123.60	29.10	28.50	27.50	26.40	39.60	2.80	0.00	0.00
123.70	29.10	28.50	27.50	26.40	40.10	2.20	0.00	0.00
123.80	29.10	28.50	27.50	26.40	40.10	2.20	0.00	0.00
123.90	29.00	28.40	27.40	26.50	39.90	3.00	0.00	0.00
124.00	29.10	28.60	27.50	26.50	39.90	2.80	0.00	0.00
124.10	29.10	28.60	27.50	26.50	37.80	2.50	0.00	0.00
124.20	29.00	28.40	27.50	26.40	39.50	2.80	0.00	0.00
124.30	29.00	28.40	27.50	26.40	40.40	2.40	0.00	0.00
124.40	29.10	28.60	27.60	26.50	39.60	3.30	0.00	0.00
124.50	28.90	28.40	27.40	26.50	39.80	2.80	0.00	0.00
124.60	28.90	28.40	27.40	26.50	39.60	3.10	0.00	0.00
124.70	28.90	28.30	27.40	26.40	39.50	2.80	0.00	0.00
124.80	29.10	28.60	27.70	26.50	39.50	2.80	0.00	0.00
124.90	29.10	28.60	27.70	26.50	39.60	3.00	0.00	0.00
125.00	29.10	28.60	27.60	26.50	40.40	2.40	0.00	0.00
125.10	29.10	28.60	27.60	26.50	39.60	3.00	0.00	0.00
125.20	29.20	28.60	27.60	26.60	39.60	2.50	0.00	0.00
125.30	29.00	28.50	27.50	26.50	40.10	2.80	0.00	0.00
125.40	29.00	28.50	27.50	26.50	39.80	3.10	0.00	0.00
125.50	29.10	28.40	27.50	26.60	39.90	3.00	0.00	0.00
125.60	29.10	28.50	27.50	26.50	39.80	2.70	0.00	0.00
125.70	29.10	28.50	27.50	26.50	39.90	3.70	0.00	0.00
125.80	29.00	28.40	27.50	26.50	39.90	2.50	0.00	0.00
125.90	29.10	28.50	27.60	26.50	39.80	3.00	0.00	0.00
126.00	29.10	28.50	27.60	26.50	40.40	2.80	0.00	0.00
126.10	29.00	28.40	27.40	26.40	40.10	3.00	0.00	0.00
126.20	29.00	28.50	27.50	26.40	39.60	3.90	0.00	0.00
126.30	29.00	28.50	27.50	26.40	39.90	2.50	0.00	0.00
126.40	29.00	28.50	27.60	26.40	39.50	2.80	0.00	0.00
126.50	29.10	28.40	27.50	26.50	39.80	2.80	0.00	0.00
126.60	29.10	28.40	27.50	26.50	39.50	3.10	0.00	0.00
126.70	29.00	28.50	27.60	26.60	39.50	3.10	0.00	0.00
126.80	29.00	28.50	27.60	26.50	40.10	2.80	0.00	0.00
126.90	29.00	28.50	27.60	26.50	39.90	3.30	0.00	0.00
127.00	29.10	28.40	27.60	26.60	39.80	3.30	0.00	0.00
127.10	29.10	28.40	27.60	26.60	39.30	3.00	0.00	0.00
127.20	29.10	28.50	27.60	26.60	39.60	3.30	0.00	0.00
127.30	29.20	28.50	27.50	26.40	40.20	2.70	0.00	0.00
127.40	29.20	28.50	27.50	26.40	39.50	3.00	0.00	0.00
127.50	29.00	28.40	27.40	26.40	39.90	3.30	0.00	0.00
127.60	29.00	28.50	27.60	26.40	39.90	3.30	0.00	0.00
127.70	29.00	28.50	27.60	26.40	39.80	3.30	0.00	0.00
127.80	29.10	28.50	27.60	26.50	39.90	2.80	0.00	0.00
127.90	29.10	28.40	27.50	26.60	40.20	3.10	0.00	0.00
128.00	29.10	28.40	27.50	26.60	37.60	3.00	0.00	0.00
128.10	29.00	28.50	27.60	26.50	39.50	2.50	0.00	0.00
128.20	29.10	28.60	27.50	26.70	39.80	3.00	0.00	0.00
128.30	29.10	28.60	27.50	26.70	39.80	2.70	0.00	0.00
128.40	29.00	28.50	27.50	26.40	39.50	3.10	0.00	0.00
128.50	29.10	28.50	27.50	26.50	39.50	3.10	0.00	0.00
128.60	29.10	28.50	27.50	26.50	39.80	2.80	0.00	0.00
128.70	29.00	28.50	27.60	26.60	39.90	2.50	0.00	0.00
128.80	28.90	28.50	27.50	26.50	39.30	3.00	0.00	0.00
128.90	28.90	28.50	27.50	26.50	39.80	3.10	0.00	0.00
129.00	28.90	28.40	27.40	26.40	39.80	2.80	0.00	0.00
129.10	28.90	28.40	27.50	26.40	39.90	2.80	0.00	0.00
129.20	28.90	28.40	27.50	26.40	40.10	2.80	0.00	0.00
129.30	29.10	28.60	27.50	26.40	39.90	2.70	0.00	0.00
129.40	29.00	28.50	27.50	26.50	39.90	2.70	0.00	0.00
129.50	29.00	28.50	27.50	26.50	39.80	2.20	0.00	0.00
129.60	29.00	28.50	27.50	26.40	39.30	3.30	0.00	0.00
129.70	29.00	28.50	27.50	26.40	39.60	3.10	0.00	0.00
129.80	29.10	28.50	27.50	26.60	39.60	3.00	0.00	0.00
129.90	29.10	28.50	27.50	26.60	39.60	3.00	0.00	0.00
130.00	29.10	28.50	27.50	26.60	39.50	3.00	0.00	0.00
130.10	28.90	28.50	27.50	26.40	39.60	3.30	0.00	0.00
130.20	29.10	28.50	27.60	26.50	39.90	3.10	0.00	0.00
130.30	29.10	28.50	27.60	26.50	40.20	3.10	0.00	0.00
130.40	29.00	28.40	27.50	26.50	40.20	3.10	0.00	0.00
130.50	29.00	28.40	27.50	26.50	39.80	3.10	0.00	0.00
130.60	29.00	28.50	27.50	26.50	39.90	2.50	0.00	0.00
130.70	29.00	28.50	27.50	26.60	40.20	3.00	0.00	0.00
130.80	29.00	28.50	27.50	26.60	39.80	3.00	0.00	0.00
130.90	29.00	28.40	27.60	26.50	39.80	3.10	0.00	0.00
131.00	28.90	28.40	27.40	26.40	39.80	3.30	0.00	0.00
131.10	28.90	28.40	27.40	26.40	39.60	2.80	0.00	0.00
131.20	28.90	28.50	27.50	26.50	40.10	2.80	0.00	0.00
131.30	28.90	28.40	27.40	26.40	40.10	2.80	0.00	0.00
131.40	28.90	28.40	27.40	26.40	39.80	3.00	0.00	0.00
131.50	29.00	28.50	27.60	26.40	39.60	3.00	0.00	0.00
131.60	29.00	28.40	27.50	26.50	39.60	2.70	0.00	0.00
131.70	29.00	28.40	27.50	26.50	39.60	2.80	0.00	0.00
131.80	29.00	28.60	27.50	26.50	39.60	3.10	0.00	0.00
131.90	29.00	28.40	27.50	26.50	40.40	2.20	0.00	0.00
132.00	29.00	28.40	27.50	26.50	39.80	3.00	0.00	0.00
132.10	29.00	28.50	27.50	26.50	39.50	3.10	0.00	0.00
132.20	29.00	28.50	27.40	26.40	39.50	3.10	0.00	0.00
132.30	29.00	28.50	27.40	26.40	39.20	2.80	0.00	0.00
132.40	29.10	28.60	27.40	26.50	39.90	3.00	0.00	0.00
132.50	29.00	28.50	27.50	26.40	39.50	3.10	0.00	0.00
132.60	29.00	28.50	27.50	26.40	39.60	3.00	0.00	0.00
132.70	29.10	28.50	27.50	26.50	39.20	2.80	0.00	0.00
132.80	29.00	28.50	27.60	26.50	39.60	2.80	0.00	0.00
132.90	29.00	28.50	27.60	26.50	39.80	3.30	0.00	0.00
133.00	29.10	28.60	27.60	26.50	39.50	3.00	0.00	0.00
133.10	29.00	28.60	27.50	26.50	39.50	3.00	0.00	0.00
133.20	29.00	28.60	27.50	26.50	39.60	3.00	0.00	0.00
133.30	29.00	28.60	27.40	26.40	39.80	3.00	0.00	0.00
133.40	29.00	28.60	27.40	26.40	39.50	2.70	0.00	0.00
133.50	29.00	28.60	27.60	26.50	39.80	3.40	0.00	0.00
133.60	29.00	28.60	27.40	26.40	39.60	3.10	0.00	0.00
133.70	29.00	28.60	27.40	26.40	39.20	2.70	0.00	0.00
133.80	29.00	28.60	27.50	26.50	40.40	2.70	0.00	0.00
133.90	29.10	28.50	27.50	26.50	39.80	2.20	0.00	0.00
134.00	29.10	28.50	27.50	26.50	39.90	2.70	0.00	0.00
134.10	29.00	28.60	27.60	26.50	39.90	2.70	0.00	0.00
134.20	29.00	28.60	27.60	26.50	39.90	2.70	0.00	0.00
134.30	29.00	28.60	27.60	26.50	39.90	2.70	0.00	0.00
134.40	29.00	28.60	27.60	26.50	39.80	2.70	0.00	0.00
134.50	29.00	28.50	27.50	26.40	39.80	2.40	0.00	0.00
134.60	29.00	28.50	27.50	26.40	39.80	3.10	0.00	0.00
134.70	29.00	28.50	27.40	26.50	39.60	2.80	0.00	0.00
134.80	29.10	28.50	27.60	26.50	39.50	3.00	0.00	0.00
134.90	29.10	28.50	27.60	26.50	39.60	2.50	0.00	0.00
135.00	29.10	28.60	27.60	26.60	39.80	2.80	0.00	0.00
135.10	29.00	28.40	27.50	26.50	39.80	3.00	0.00	0.00
135.20	29.00	28.40	27.50	26.50	39.90	2.70	0.00	0.00
135.30	29.00	28.50	27.50	26.50	39.90	2.70	0.00	0.00
135.40	29.00	28.50	27.50	26.50	39.90	3.10	0.00	0.00
135.50	29.10	28.70	27.60	26.50	40.10	3.90	0.00	0.00
135.60	28.90	28.40	27.50	26.40	39.50	3.10	0.00	0.00
135.70	28.90	28.40	27.50	26.40	39.60	3.10	0.00	0.00
135.80	29.00	28.50	27.60	26.40	39.80	3.00	0.00	0.00
135.90	29.00	28.50	27.50	26.50	39.60	2.70	0.00	0.00
136.00	29.00	28.50	27.50	26.50	39.90	2.40	0.00	0.00
136.10	29.10	28.60	27.60	26.50	39.80	2.70	0.00	0.00
136.20	28.90	28.40	27.40	26.40	39.80	2.70	0.00	0.00
136.30	28.90	28.40	27.40	26.40	39.90	3.00	0.00	0.00
136.40	29.00	28.40	27.60	26.50	39.80	2.40	0.00	0.00
136.50	29.20	28.50	27.50	26.60	39.20	3.00	0.00	0.00
136.60	29.20	28.50	27.50	26.60	39.80	2.70	0.00	0.00
136.70	29.00	28.50	27.40	26.40	39.50	3.00	0.00	0.00
136.80	28.90	28.50	27.50	26.50	39.90	3.30	0.00	0.00
136.90	28.90	28.50	27.50	26.50	39.90	3.10	0.00	0.00
137.00	29.10	28.40	27.50	26.50	39.90	2.70	0.00	0.00
137.10	29.00	28.40	27.50	26.50	39.90	2.70	0.00	0.00
137.20	29.00	28.40	27.50	26.50	39.80	2.70	0.00	0.00
137.30	29.10	28.40	27.50	26.50	39.60	2.80	0.00	0.00
137.40	28.90	28.40	27.50	26.40	40.10	2.80	0.00	0.00
137.50	28.90	28.40	27.50	26.40	39.30	2.70	0.00	0.00
137.60	29.00	28.50	27.60	26.50	39.60	3.10	0.00	0.00
137.70	29.00	28.50	27.60	26.50	40.10	2.70	0.00	0.00
137.80	28.90	28.40	27.50	26.60	39.50	3.00	0.00	0.00
137.90	29.00	28.40	27.50	26.50	39.80	3.10	0.00	0.00
138.00	29.00	28.40	27.50	26.50	39.80	3.10	0.00	0.00
138.10	29.00	28.60	27.50	26.60	39.80	3.10	0.00	0.00
138.20	29.00	28.60	27.60	26.50	39.60	2.80	0.00	0.00
138.30	29.00	28.60	27.60	26.50	40.10	2.70	0.00	0.00
138.40	28.80	28.40	27.60	26.50	39.90	2.40	0.00	0.00
138.50	28.80	28.40	27.60	26.50	39.80	3.00	0.00	0.00
138.60	29.00	28.40	27.60	26.60	39.60	3.30	0.00	0.00
138.70	29.00	28.40	27.60	26.60	39.20	2.80	0.00	0.00
138.80	28.90	28.40	27.50	26.40	39.80	3.60	0.00	0.00
138.90	29.10	28.60	27.70	26.60	39.30	3.00	0.00	0.00
139.00	29.10	28.40	27.50	26.50	39.30	3.00	0.00	0.00
139.10	29.10	28.40	27.50	26.50	39.60	2.50	0.00	0.00
139.20	29.00	28.40	27.50	26.40	40.10	2.70	0.00	0.00
139.30	29.00	28.40	27.50	26.40	39.90	1.40	0.00	0.00
139.40	28.90	28.40	27.50	26.50	39.90	3.00	0.00	0.00
139.50	28.90	28.40	27.50	26.50	40.10	2.70	0.00	0.00
139.60	28.90	28.40	27.50	26.50	39.90	2.40	0.00	0.00
139.70	29.00	28.50	27.50	26.50	39.80	3.00	0.00	0.00
139.80	29.10	28.40	27.50	26.50	40.10	3.10	0.00	0.00
139.90	29.10	28.40	27.50	26.50	40.10	3.10	0.00	0.00
140.00	28.90	28.50	27.50	26.50	39.80	2.70	0.00	0.00
140.10	28.90	28.50	27.50	26.50	39.80	2.70	0.00	0.00
140.20	28.90	28.40	27.40	26.50	39.90	2.80	0.00	0.00
140.30	28.90	28.50	27.40	26.50	39.60	3.00	0.00	0.00
140.40	28.90	28.50	27.40	26.50	39.90	3.10	0.00	0.00
140.50	28.90	28.40	27.40	26.40	40.70	2.50	0.00	0.00
140.60	28.80	28.40	27.40	26.30	39.50	3.10	0.00	0.00
140.70	28.80	28.40	27.40	26.30	39.30	2.80	0.00	0.00
140.80	28.90	28.40	27.50	26.50	39.30	2.80	0.00	0.00
140.90	29.00	28.40	27.50	26.40	39.60	2.50	0.00	0.00
141.00	29.00	28.40	27.50	26.40	39.90	3.00	0.00	0.00
141.10	28.90	28.40	27.40	26.50	39.60	3.00	0.00	0.00
141.20	28.90	28.40	27.40	26.50	40.10	2.70	0.00	0.00
141.30	29.00	28.50	27.60	26.50	39.50	2.80	0.00	0.00
141.40	29.00	28.50	27.60	26.50	39.50	3.00	0.00	0.00
141.50	29.00	28.50	27.60	26.50	39.80	2.80	0.00	0.00
141.60	29.00	28.50	27.60	26.40	39.80	3.10	0.00	0.00
141.70	29.00	28.50	27.60	26.60	39.50	2.80	0.00	0.00
141.80	29.00	28.50	27.60	26.60	39.50	2.80	0.00	0.00
141.90	28.90	28.40	27.40	26.40	39.80	2.80	0.00	0.00
142.00	28.90	28.40	27.40	26.40	39.60	2.00	0.00	0.00
142.10	29.10	28.50	27.50	26.40	40.20	3.00	0.00	0.00
142.20	29.00	28.40	27.50	26.50	40.10	2.70	0.00	0.00
142.30	29.00	28.40	27.50	26.50	39.30	3.00	0.00	0.00
142.40	28.90	28.40	27.70	26.50	39.90	3.10	0.00	0.00
142.50	29.00	28.60	27.40	26.40	39.50	3.10	0.00	0.00
142.60	29.00	28.60	27.40	26.40	40.10	2.80	0.00	0.00
142.70	29.00	28.40	27.50	26.40	40.10	2.80	0.00	0.00
142.80	28.90	28.40	27.50	26.30	39.60	3.00	0.00	0.00
142.90	28.90	28.40	27.50	26.30	39.80	3.10	0.00	0.00
143.00	29.00	28.50	27.50	26.50	39.60	2.50	0.00	0.00
143.10	29.00	28.50	27.50	26.50	39.60	2.80	0.00	0.00
143.20	28.90	28.40	27.40	26.40	39.50	2.80	0.00	0.00
143.30	29.00	28.50	27.50	26.60	39.60	3.30	0.00	0.00
143.40	29.00	28.50	27.60	26.40	39.90	2.80	0.00	0.00
143.50	29.00	28.50	27.60	26.40	39.60	2.80	0.00	0.00
143.60	28.90	28.40	27.40	26.40	39.80	2.80	0.00	0.00
143.70	28.90	28.40	27.40	26.40	39.80	2.80	0.00	0.00
143.80	28.90	28.60	27.60	26.50	39.60	2.80	0.00	0.00
143.90	29.00	28.40	27.50	26.50	39.90	3.00	0.00	0.00
144.00	29.00	28.40	27.50	26.50	39.50	3.10	0.00	0.00
144.10	28.90	28.50	27.50	26.50	39.80	3.30	0.00	0.00
144.20	29.00	28.50	27.60	26.50	39.90	2.80	0.00	0.00
144.30	29.00	28.50	27.60	26.50	39.80	2.80	0.00	0.00
144.40	29.00	28.60	27.60	26.50	39.60	2.70	0.00	0.00
144.50	28.90	28.40	27.50	26.40	39.00	2.80	0.00	0.00
144.60	28.90	28.40	27.50	26.40	39.00	2.80	0.00	0.00
144.70	29.00	28.50	27.60	26.40	39.80	2.70	0.00	0.00
144.80	28.90	28.30	27.50	26.50	40.40	3.30	0.00	0.00
144.90	28.90	28.30	27.50	26.50	39.80	2.80	0.00	0.00
145.00	29.00	28.40	27.50	26.40	39.90	2.40	0.00	0.00
145.10	29.00	28.40	27.50	26.30	39.60	3.10	0.00	0.00
145.20	29.00	28.40	27.50	26.30	39.60	3.30	0.00	0.00
145.30	28.90	28.40	27.50	26.40	39.90	3.10	0.00	0.00
145.40	28.90	28.40	27.50	26.40	40.10	2.80	0.00	0.00
145.50	28.90	28.50	27.50	26.40	40.10	2.80	0.00	0.00
145.60	29.00	28.50	27.50	26.50	40.10	3.10	0.00	0.00
145.70	29.00	28.50	27.50	26.50	39.80	2.70	0.00	0.00
145.80	29.00	28.50	27.60	26.50	39.60	3.00	0.00	0.00
145.90	29.00	28.50	27.40	26.40	37.60	3.10	0.00	0.00
146.00	29.00	28.50	27.40	26.40	39.90	3.00	0.00	0.00
146.10	29.00	28.40	27.60	26.50	39.60	3.00	0.00	0.00
146.20	29.00	28.40	27.60	26.50	39.50	2.80	0.00	0.00
146.30	29.00	28.50	27.50	26.50	39.80	3.00	0.00	0.00
146.40	29.10	28.50	27.70	26.50	39.80	3.00	0.00	0.00
146.50	29.10	28.50	27.70	26.50	37.80	2.70	0.00	0.00
146.60	28.80	28.40	27.40	26.40	39.90	2.80	0.00	0.00
146.70	29.00	28.50	27.50	26.50	39.90	3.00	0.00	0.00
146.80	29.00	28.50	27.50	26.50	39.90	2.50	0.00	0.00
146.90	29.00	28.40	27.50	26.50	39.60	3.00	0.00	0.00
147.00	28.90	28.60	27.60	26.50	39.90	2.80	0.00	0.00
147.10	28.90	28.60	27.60	26.50	39.60	3.00	0.00	0.00
147.20	28.90	28.50	27.60	26.50	39.80	3.10	0.00	0.00
147.30	29.10	28.50	27.60	26.60	39.80	3.10	0.00	0.00
147.40	29.10	28.50	27.60	26.60	39.90	2.40	0.00	0.00
147.50	28.90	28.50	27.60	26.50	39.50	3.10	0.00	0.00
147.60	28.90	28.50	27.60	26.50	39.80	3.00	0.00	0.00
147.70	29.00	28.30	27.50	26.50	39.50	2.80	0.00	0.00
147.80	28.90	28.50	27.50	26.40	40.10	3.00	0.00	0.00
147.90	28.90	28.50	27.50	26.40	39.60	2.70	0.00	0.00
148.00	29.00	28.60	27.60	26.60	39.80	2.50	0.00	0.00
148.10	29.00	28.60	27.60	26.60	39.90	2.80	0.00	0.00
148.20	28.90	28.40	27.50	26.50	39.60	4.20	0.00	0.00
148.30	29.00	28.50	27.60	26.60	39.60	4.20	0.00	0.00
148.40	29.00	28.50	27.60	26.60	39.60	3.00	0.00	0.00
148.50	28.90	28.50	27.50	26.50	39.60	2.70	0.00	0.00
148.60	29.00	28.40	27.30	26.50	40.10	3.00	0.00	0.00
148.70	29.00	28.40	27.30	26.50	39.50	3.10	0.00	0.00
148.80	28.80	28.40	27.60	26.50	39.60	2.80	0.00	0.00
148.90	28.90	28.50	27.50	26.40	39.60	2.80	0.00	0.00
149.00	28.90	28.50	27.50	26.40	39.90	2.70	0.00	0.00
149.10	28.90	28.30	27.50	26.40	39.80	2.70	0.00	0.00
149.20	29.00	28.40	27.50	26.40	39.80	2.70	0.00	0.00
149.30	29.00	28.40	27.50	26.40	39.60	3.00	0.00	0.00
149.40	29.00	28.50	27.60	26.50	39.50	2.70	0.00	0.00
149.50	28.90	28.30	27.40	26.50	39.60	3.30	0.00	0.00
149.60	28.90	28.30	27.40	26.50	39.50	3.00	0.00	0.00
149.70	29.00	28.40	27.60	26.50	39.20	2.80	0.00	0.00
149.80	29.00	28.40	27.60	26.50	39.90	2.80	0.00	0.00
149.90	28.80	28.40	27.40	26.40	38.80	2.80	0.00	0.00
150.00	28.90	28.30	27.50	26.40	39.80	2.80	0.00	0.00
150.10	28.90	28.30	27.50	26.40	39.50	3.00	0.00	0.00
150.20	28.90	28.30	27.40	26.40	39.50	3.00	0.00	0.00
150.30	29.00	28.40	27.50	26.50	39.30	3.30	0.00	0.00
150.40	29.00	28.40	27.50	26.50	39.50	2.40	0.00	0.00
150.50	29.00	28.50	27.60	26.50	39.30	3.10	0.00	0.00
150.60	29.00	28.40	27.60	26.50	39.80	2.80	0.00	0.00
150.70	29.00	28.40	27.60	26.50	39.90	2.70	0.00	0.00
150.80	28.90	28.30	27.50	26.50	39.30	2.70	0.00	0.00
150.90	28.90	28.50	27.60	26.60	39.20	3.00	0.00	0.00
151.00	28.90	28.50	27.60	26.60	39.50	3.30	0.00	0.00
151.10	28.90	28.40	27.50	26.40	39.80	3.00	0.00	0.00
151.20	28.80	28.40	27.40	26.50	39.80	3.00	0.00	0.00
151.30	28.80	28.40	27.40	26.50	39.50	2.80	0.00	0.00
151.40	28.90	28.50	27.60	26.50	39.60	2.50	0.00	0.00
151.50	28.90	28.40	27.50	26.50	39.80	3.30	0.00	0.00
151.60	28.90	28.40	27.50	26.50	39.60	3.00	0.00	0.00
151.70	29.00	28.50	27.50	26.50	39.60	3.10	0.00	0.00
151.80	28.90	28.40	27.50	26.50	39.60	3.00	0.00	0.00
151.90	28.90	28.40	27.50	26.50	39.50	2.70	0.00	0.00
152.00	28.90	28.50	27.50	26.50	39.90	2.70	0.00	0.00
152.10	29.00	28.60	27.60	26.50	39.90	2.70	0.00	0.00
152.20	29.00	28.60	27.60	26.50	39.80	2.80	0.00	0.00
152.30	29.00	28.40	27.50	26.40	39.60	2.80	0.00	0.00
152.40	29.00	28.40	27.50	26.40	39.50	3.30	0.00	0.00
152.50	28.90	28.40	27.50	26.50	39.50	3.00	0.00	0.00
152.60	28.90	28.40	27.50	26.50	39.60	3.00	0.00	0.00
152.70	28.90	28.40	27.50	26.50	39.30	2.80	0.00	0.00
152.80	28.90	28.50	27.50	26.40	39.90	3.10	0.00	0.00
152.90	28.90	28.40	27.50	26.40	39.50	2.80	0.00	0.00
153.00	28.90	28.40	27.50	26.40	39.50	2.80	0.00	0.00
153.10	29.10	28.60	27.70	26.50	39.90	3.10	0.00	0.00
153.20	28.80	28.40	27.50	26.30	39.80	3.10	0.00	0.00
153.30	28.80	28.40	27.50	26.30	39.60	3.00	0.00	0.00
153.40	28.90	28.40	27.60	26.50	39.80	2.80	0.00	0.00
153.50	28.80	28.50	27.70	26.50	39.60	2.80	0.00	0.00
153.60	28.80	28.50	27.70	26.50	39.80	3.10	0.00	0.00
153.70	28.90	28.30	27.40	26.50	39.90	3.10	0.00	0.00
153.80	29.00	28.40	27.50	26.50	39.90	3.00	0.00	0.00
153.90	29.00	28.40	27.50	26.50	39.30	3.00	0.00	0.00
154.00	28.90	28.50	27.50	26.50	39.30	3.00	0.00	0.00
154.10	29.00	28.50	27.60	26.50	39.60	3.10	0.00	0.00
154.20	29.00	28.50	27.60	26.50	40.10	2.80	0.00	0.00
154.30	29.00	28.40	27.50	26.50	39.50	3.00	0.00	0.00
154.40	28.90	28.40	27.40	26.30	39.60	2.50	0.00	0.00
154.50	28.90	28.40	27.40	26.30	40.10	2.80	0.00	0.00
154.60	28.90	28.40	27.50	26.50	39.80	2.70	0.00	0.00
154.70	28.90	28.40	27.50	26.50	39.90	3.00	0.00	0.00
154.80	28.80	28.50	27.60	26.60	39.60	3.10	0.00	0.00
154.90	28.80	28.50	27.50	26.50	39.60	3.10	0.00	0.00
155.00	28.80	28.50	27.50	26.50	39.80	2.80	0.00	0.00
155.10	28.90	28.50	27.50	26.40	39.50	2.80	0.00	0.00
155.20	28.80	28.30	27.40	26.40	39.50	3.10	0.00	0.00
155.30	28.80	28.30	27.40	26.40	40.70	2.40	0.00	0.00
155.40	28.80	28.40	27.60	26.50	40.20	3.10	0.00	0.00
155.50	29.00	28.50	27.50	26.50	39.80	3.10	0.00	0.00
155.60	29.00	28.50	27.50	26.50	39.50	2.70	0.00	0.00
155.70	28.90	28.50	27.50	26.40	39.80	2.40	0.00	0.00
155.80	28.90	28.50	27.60	26.50	39.80	2.40	0.00	0.00
155.90	28.90	28.50	27.60	26.50	40.10	2.80	0.00	0.00
156.00	29.00	28.40	27.50	26.50	39.60	3.30	0.00	0.00
156.10	29.00	28.40	27.50	26.50	40.20	2.50	0.00	0.00
156.20	28.90	28.50	27.50	26.40	39.20	2.80	0.00	0.00
156.30	28.80	28.40	27.50	26.50	39.60	2.80	0.00	0.00
156.40	28.80	28.40	27.50	26.50	40.10	3.00	0.00	0.00
156.50	28.90	28.40	27.50	26.40	39.60	3.10	0.00	0.00
156.60	28.90	28.40	27.50	26.40	40.50	2.70	0.00	0.00
156.70	28.90	28.50	27.50	26.40	39.60	3.00	0.00	0.00
156.80	29.00	28.50	27.50	26.60	39.60	3.00	0.00	0.00
156.90	29.00	28.50	27.50	26.60	39.90	2.80	0.00	0.00
157.00	29.00	28.50	27.50	26.50	39.80	2.50	0.00	0.00
157.10	28.90	28.50	27.60	26.50	39.60	2.80	0.00	0.00
157.20	28.90	28.50	27.60	26.50	39.90	2.70	0.00	0.00
157.30	28.90	28.40	27.50	26.40	40.10	2.80	0.00	0.00
157.40	28.90	28.40	27.50	26.50	39.90	2.80	0.00	0.00
157.50	28.90	28.40	27.50	26.50	39.80	3.00	0.00	0.00
157.60	28.80	28.20	27.40	26.40	39.80	3.00	0.00	0.00
157.70	28.80	28.20	27.40	26.40	39.80	2.80	0.00	0.00
157.80	29.00	28.50	27.60	26.60	39.80	2.80	0.00	0.00
157.90	29.00	28.50	27.60	26.60	39.50	3.30	0.00	0.00
158.00	29.00	28.50	27.60	26.60	39.30	2.80	0.00	0.00
158.10	28.80	28.40	27.50	26.40	39.60	3.40	0.00	0.00
158.20	29.00	28.50	27.50	26.50	39.50	2.80	0.00	0.00
158.30	29.00	28.50	27.50	26.50	39.80	2.70	0.00	0.00
158.40	28.90	28.50	27.60	26.40	39.90	2.80	0.00	0.00
158.50	28.90	28.40	27.50	26.40	39.50	3.30	0.00	0.00
158.60	28.90	28.40	27.50	26.40	40.10	2.50	0.00	0.00
158.70	29.00	28.50	27.50	26.60	40.10	2.50	0.00	0.00
158.80	28.90	28.40	27.60	26.50	39.60	2.80	0.00	0.00
158.90	28.90	28.40	27.60	26.50	39.90	2.80	0.00	0.00
159.00	29.00	28.40	27.50	26.50	39.90	2.80	0.00	0.00
159.10	28.90	28.50	27.50	26.50	39.50	2.80	0.00	0.00
159.20	28.90	28.50	27.50	26.50	39.90	3.00	0.00	0.00
159.30	28.90	28.50	27.60	26.40	39.80	2.50	0.00	0.00
159.40	28.90	28.30	27.40	26.50	39.90	1.00	0.00	0.00
159.50	28.90	28.30	27.40	26.50	39.60	3.10	0.00	0.00
159.60	28.90	28.40	27.40	26.50	39.60	3.10	0.00	0.00
159.70	28.90	28.40	27.40	26.50	39.80	2.80	0.00	0.00
159.80	29.00	28.40	27.60	26.50	39.60	2.70	0.00	0.00
159.90	28.90	28.40	27.60	26.60	39.60	3.00	0.00	0.00
160.00	28.90	28.40	27.60	26.60	39.60	3.00	0.00	0.00
160.10	29.00	28.40	27.50	26.40	40.10	2.70	0.00	0.00
160.20	29.00	28.40	27.50	26.40	39.90	2.70	0.00	0.00
160.30	29.00	28.40	27.50	26.40	39.80	2.80	0.00	0.00
160.40	28.90	28.40	27.40	26.50	39.90	2.70	0.00	0.00
160.50	28.80	28.40	27.50	26.40	39.90	2.70	0.00	0.00
160.60	28.80	28.40	27.50	26.40	39.80	2.70	0.00	0.00
160.70	29.00	28.40	27.50	26.50	39.50	3.00	0.00	0.00
160.80	28.90	28.50	27.50	26.40	39.60	2.70	0.00	0.00
160.90	28.90	28.50	27.50	26.40	40.80	2.80	0.00	0.00
161.00	28.90	28.40	27.40	26.40	39.00	2.80	0.00	0.00
161.10	28.90	28.40	27.40	26.40	39.60	2.70	0.00	0.00
161.20	29.00	28.40	27.40	26.60	39.50	2.80	0.00	0.00
161.30	28.90	28.50	27.50	26.50	39.60	3.10	0.00	0.00
161.40	28.90	28.50	27.50	26.50	39.90	2.70	0.00	0.00
161.50	28.70	28.30	27.50	26.40	39.90	2.70	0.00	0.00
161.60	29.10	28.50	27.50	26.50	39.20	3.30	0.00	0.00
161.70	29.10	28.50	27.50	26.50	39.90	3.10	0.00	0.00
161.80	28.90	28.50	27.50	26.50	39.80	2.80	0.00	0.00
161.90	28.90	28.40	27.60	26.50	39.90	2.80	0.00	0.00
162.00	28.90	28.40	27.60	26.50	39.30	2.80	0.00	0.00
162.10	28.90	28.40	27.50	26.40	39.90	3.00	0.00	0.00
162.20	28.80	28.40	27.50	26.40	40.40	2.70	0.00	0.00
162.30	28.80	28.40	27.50	26.40	39.90	2.80	0.00	0.00
162.40	28.90	28.50	27.40	26.50	39.90	3.10	0.00	0.00
162.50	28.90	28.50	27.40	26.50	39.90	3.10	0.00	0.00
162.60	28.80	28.40	27.50	26.50	39.80	3.00	0.00	0.00
162.70	28.90	28.40	27.50	26.40	39.30	3.10	0.00	0.00
162.80	28.90	28.40	27.50	26.40	39.60	3.00	0.00	0.00
162.90	28.90	28.50	27.60	26.50	40.10	2.80	0.00	0.00
163.00	28.90	28.40	27.40	26.40	39.80	2.80	0.00	0.00
163.10	28.90	28.40	27.40	26.40	39.80	2.80	0.00	0.00
163.20	28.80	28.30	27.50	26.40	40.10	3.40	0.00	0.00
163.30	28.90	28.50	27.70	26.60	39.60	2.80	0.00	0.00
163.40	28.90	28.50	27.70	26.60	39.60	2.80	0.00	0.00
163.50	28.90	28.50	27.50	26.40	40.20	2.80	0.00	0.00
163.60	28.90	28.40	27.50	26.50	39.80	2.70	0.00	0.00
163.70	28.90	28.40	27.50	26.50	39.80	2.50	0.00	0.00
163.80	28.80	28.50	27.50	26.50	39.50	4.50	0.00	0.00
163.90	28.90	28.40	27.40	26.50	39.60	2.80	0.00	0.00
164.00	28.90	28.40	27.40	26.50	39.50	2.40	0.00	0.00
164.10	28.80	28.40	27.70	26.40	39.60	3.00	0.00	0.00
164.20	28.80	28.40	27.70	26.40	39.30	2.80	0.00	0.00
164.30	28.80	28.40	27.40	26.40	39.50	3.40	0.00	0.00
164.40	28.80	28.60	27.60	26.50	39.50	3.40	0.00	0.00
164.50	28.80	28.60	27.60	26.50	40.10	2.80	0.00	0.00
164.60	29.00	28.30	27.70	26.50	39.80	2.80	0.00	0.00
164.70	28.80	28.30	27.40	26.40	40.10	3.00	0.00	0.00
164.80	28.80	28.30	27.40	26.40	39.90	2.80	0.00	0.00
164.90	28.80	28.40	27.50	26.50	39.50	3.00	0.00	0.00
165.00	28.80	28.40	27.50	26.50	39.90	3.00	0.00	0.00
165.10	28.80	28.40	27.40	26.40	39.60	2.80	0.00	0.00
165.20	28.80	28.40	27.50	26.40	39.60	2.80	0.00	0.00
165.30	28.80	28.40	27.50	26.40	39.60	2.80	0.00	0.00
165.40	29.00	28.50	27.50	26.50	39.90	3.00	0.00	0.00
165.50	28.90	28.30	27.50	26.40	39.60	3.00	0.00	0.00
165.60	28.90	28.30	27.50	26.40	39.50	2.80	0.00	0.00
165.70	29.00	28.50	27.60	26.50	40.10	3.00	0.00	0.00
165.80	28.80	28.40	27.40	26.40	39.60	3.30	0.00	0.00
165.90	28.80	28.40	27.40	26.40	39.50	2.80	0.00	0.00
166.00	29.00	28.30	27.50	26.40	39.50	3.00	0.00	0.00
166.10	28.90	28.40	27.40	26.40	39.90	2.80	0.00	0.00
166.20	28.90	28.40	27.40	26.40	39.50	3.10	0.00	0.00
166.30	28.80	28.40	27.60	26.40	39.50	3.10	0.00	0.00
166.40	28.90	28.50	27.50	26.30	39.80	2.70	0.00	0.00
166.50	28.90	28.50	27.50	26.30	39.60	2.70	0.00	0.00
166.60	28.90	28.40	27.60	26.50	39.60	3.00	0.00	0.00
166.70	28.60	28.30	27.30	26.30	39.60	2.50	0.00	0.00
166.80	28.60	28.30	27.30	26.30	39.00	3.00	0.00	0.00
166.90	28.70	28.30	27.30	26.30	39.80	2.70	0.00	0.00
167.00	28.80	28.50	27.60	26.50	39.80	3.70	0.00	0.00
167.10	28.80	28.50	27.60	26.50	39.50	2.20	0.00	0.00
167.20	28.90	28.40	27.50	26.40	39.50	2.20	0.00	0.00
167.30	28.90	28.50	27.60	26.50	39.90	2.80	0.00	0.00
167.40	28.90	28.50	27.60	26.50	39.50	2.80	0.00	0.00
167.50	28.80	28.30	27.40	26.40	39.80	3.00	0.00	0.00
167.60	28.80	28.40	27.60	26.40	39.80	3.10	0.00	0.00
167.70	28.80	28.40	27.60	26.40	39.30	2.80	0.00	0.00
167.80	28.90	28.60	27.60	26.60	39.60	3.00	0.00	0.00
167.90	28.80	28.50	27.50	26.40	39.90	2.80	0.00	0.00
168.00	28.80	28.50	27.50	26.40	39.50	3.10	0.00	0.00
168.10	28.80	28.30	27.50	26.40	39.50	3.10	0.00	0.00
168.20	28.80	28.50	27.50	26.50	39.90	2.80	0.00	0.00
168.30	28.80	28.50	27.50	26.50	39.60	3.30	0.00	0.00
168.40	29.00	28.60	27.60	26.60	39.50	2.70	0.00	0.00
168.50	28.80	28.30	27.50	26.40	39.90	2.70	0.00	0.00
168.60	28.80	28.30	27.50	26.40	40.10	3.00	0.00	0.00
168.70	28.80	28.40	27.60	26.40	39.60	3.30	0.00	0.00
