Ambient Temperature(C): 23.9
Ambient Pressure(in Hg): 29.9
Time(s)	T1(Deg C)	Wall Temp(Deg C)	Top Plate(Deg C)	Bottom Plate(Deg C)	P1(PSI)	P2(PSI)	Mass Flowrate(g/min)	Heater Energy (kJ)

0.00	27.20	28.50	28.30	26.70	0.80	2.00	0.00	0.00
0.10	27.10	28.30	28.30	26.70	0.50	2.40	0.00	0.00
0.20	27.10	28.30	28.30	26.70	0.80	1.40	0.00	0.00
0.30	27.10	28.40	28.40	26.70	0.80	1.40	0.00	0.00
0.40	27.20	28.30	28.20	26.70	0.80	2.20	0.00	0.00
0.50	27.20	28.30	28.20	26.70	0.40	2.20	0.00	0.00
0.60	27.10	28.30	28.30	26.70	0.70	1.90	0.00	0.00
0.70	27.10	28.30	28.30	26.60	0.40	2.20	0.00	0.00
0.80	27.10	28.30	28.30	26.60	0.80	2.20	0.00	0.00
0.90	27.10	28.30	28.20	26.60	1.00	2.20	0.00	0.00
1.00	27.10	28.30	28.10	26.50	0.50	1.90	0.00	0.00
1.10	27.10	28.30	28.10	26.50	1.00	2.40	0.00	0.00
1.20	27.20	28.30	28.30	26.60	1.00	2.40	0.00	0.00
1.30	27.10	28.20	28.30	26.60	1.00	2.50	0.00	0.00
1.40	27.10	28.20	28.30	26.60	0.70	2.00	0.00	0.00
1.50	27.10	28.30	28.30	26.60	1.10	2.20	0.00	0.00
1.60	27.30	28.30	28.20	26.70	0.80	2.00	0.00	0.00
1.70	27.30	28.30	28.20	26.70	1.10	1.90	0.00	0.00
1.80	27.00	28.30	28.20	26.60	1.10	2.20	0.00	0.00
1.90	27.10	28.30	28.30	26.60	0.50	2.20	0.00	0.00
2.00	27.10	28.30	28.30	26.60	0.70	2.00	0.00	0.00
2.10	27.20	28.40	28.30	26.60	1.10	1.90	0.00	0.00
2.20	27.30	28.30	28.30	26.70	1.10	1.90	0.00	0.00
2.30	27.30	28.30	28.30	26.70	0.80	2.40	0.00	0.00
2.40	27.10	28.30	28.30	26.60	0.80	2.20	0.00	0.00
2.50	27.20	28.40	28.30	26.60	0.70	2.20	0.00	0.00
2.60	27.20	28.40	28.30	26.60	0.70	2.40	0.00	0.00
2.70	27.30	28.40	28.30	26.70	1.00	2.00	0.00	0.00
2.80	27.20	28.30	28.30	26.60	0.50	2.20	0.00	0.00
2.90	27.20	28.30	28.30	26.60	0.50	1.70	0.00	0.00
3.00	27.20	28.40	28.40	26.60	0.80	2.00	0.00	0.00
3.10	27.20	28.20	28.20	26.50	0.80	2.00	0.00	0.00
3.20	27.20	28.20	28.20	26.50	0.50	2.20	0.00	0.00
3.30	27.10	28.20	28.30	26.60	0.70	2.00	0.00	0.00
3.40	27.10	28.20	28.30	26.60	0.80	1.70	0.00	0.00
3.50	27.30	28.30	28.30	26.60	0.50	2.20	0.00	0.00
3.60	27.30	28.30	28.30	26.60	1.00	1.10	0.00	0.00
3.70	27.40	28.30	28.30	26.70	1.30	1.90	0.00	0.00
3.80	27.30	28.30	28.40	26.70	0.70	2.00	0.00	0.00
3.90	27.30	28.30	28.40	26.70	0.70	2.20	0.00	0.00
4.00	27.20	28.30	28.20	26.60	0.70	2.00	0.00	0.00
4.10	27.30	28.30	28.30	26.60	0.70	2.00	0.00	0.00
4.20	27.30	28.30	28.30	26.60	0.50	2.20	0.00	0.00
4.30	27.30	28.20	28.30	26.70	0.80	2.40	0.00	0.00
4.40	27.20	28.30	28.10	26.60	0.80	2.50	0.00	0.00
4.50	27.20	28.30	28.10	26.60	0.50	2.00	0.00	0.00
4.60	27.20	28.40	28.30	26.60	1.30	2.20	0.00	0.00
4.70	27.30	28.30	28.30	26.60	1.00	1.90	0.00	0.00
4.80	27.30	28.30	28.30	26.60	1.00	2.00	0.00	0.00
4.90	27.30	28.40	28.20	26.50	0.80	2.00	0.00	0.00
5.00	27.30	28.30	28.30	26.60	0.80	2.00	0.00	0.00
5.10	27.30	28.30	28.30	26.60	0.40	2.20	0.00	0.00
5.20	27.30	28.30	28.20	26.60	-0.90	1.90	0.00	0.00
5.30	27.30	28.30	28.30	26.70	0.40	2.20	0.00	0.00
5.40	27.30	28.30	28.30	26.70	0.70	1.90	0.00	0.00
5.50	27.40	28.40	28.30	26.70	0.50	2.40	0.00	0.00
5.60	27.40	28.30	28.20	26.50	0.80	2.40	0.00	0.00
5.70	27.40	28.30	28.20	26.50	1.00	1.90	0.00	0.00
5.80	27.30	28.30	28.20	26.60	0.80	2.20	0.00	0.00
5.90	27.40	28.40	28.30	26.70	0.80	2.20	0.00	0.00
6.00	27.40	28.40	28.30	26.70	0.70	2.00	0.00	0.00
6.10	27.30	28.30	28.30	26.70	1.10	2.50	0.00	0.00
6.20	27.30	28.30	28.30	26.70	1.10	2.00	0.00	0.00
6.30	27.30	28.30	28.20	26.60	0.80	0.80	0.00	0.00
6.40	27.40	28.30	28.20	26.70	0.80	2.50	0.00	0.00
6.50	27.40	28.30	28.30	26.60	1.10	2.20	0.00	0.00
6.60	27.40	28.30	28.30	26.60	0.50	2.20	0.00	0.00
6.70	27.40	28.30	28.20	26.60	0.80	2.00	0.00	0.00
6.80	27.30	28.20	28.10	26.60	0.70	2.40	0.00	0.00
6.90	27.30	28.20	28.10	26.60	0.70	2.40	0.00	0.00
7.00	27.40	28.30	28.40	26.60	1.00	1.90	0.00	0.00
7.10	27.30	28.20	28.20	26.50	0.70	2.40	0.00	0.00
7.20	27.30	28.20	28.20	26.50	0.50	2.20	0.00	0.00
7.30	27.50	28.50	28.40	26.70	0.80	1.90	0.00	0.00
7.40	27.50	28.50	28.40	26.70	0.80	2.50	0.00	0.00
7.50	27.30	28.20	28.20	26.60	0.70	1.70	0.00	0.00
7.60	27.40	28.30	28.30	26.60	0.80	2.50	0.00	0.00
7.70	27.40	28.30	28.30	26.60	0.70	3.30	0.00	0.00
7.80	27.40	28.50	28.30	26.60	0.70	3.30	0.00	0.00
7.90	27.40	28.30	28.20	26.50	0.80	1.90	0.00	0.00
8.00	27.40	28.30	28.20	26.50	1.00	2.50	0.00	0.00
8.10	27.50	28.30	28.30	26.70	0.80	2.50	0.00	0.00
8.20	27.50	28.40	28.20	26.70	1.00	2.40	0.00	0.00
8.30	27.50	28.40	28.20	26.70	0.80	2.20	0.00	0.00
8.40	27.50	28.40	28.40	26.60	0.70	2.00	0.00	0.00
8.50	27.40	28.30	28.10	26.60	0.70	3.10	0.00	0.00
8.60	27.40	28.30	28.10	26.60	0.40	2.20	0.00	0.00
8.70	27.40	28.20	28.20	26.60	0.80	2.40	0.00	0.00
8.80	27.40	28.20	28.20	26.60	0.80	2.40	0.00	0.00
8.90	27.40	28.30	28.20	26.70	0.50	2.20	0.00	0.00
9.00	27.50	28.40	28.30	26.70	0.70	2.00	0.00	0.00
9.10	27.50	28.40	28.30	26.70	0.80	2.00	0.00	0.00
9.20	27.50	28.40	28.30	26.70	1.00	2.40	0.00	0.00
9.30	27.60	28.50	28.30	26.60	1.00	2.70	0.00	0.00
9.40	27.60	28.50	28.30	26.60	0.70	2.20	0.00	0.00
9.50	27.50	28.30	28.30	26.70	0.80	2.00	0.00	0.00
9.60	27.50	28.40	28.30	26.70	0.50	2.40	0.00	0.00
9.70	27.50	28.40	28.30	26.70	0.50	2.40	0.00	0.00
9.80	27.50	28.40	28.30	26.70	0.70	1.90	0.00	0.00
9.90	27.40	28.20	28.20	26.60	1.30	1.60	0.00	0.00
10.00	27.60	28.40	28.30	26.70	1.30	2.40	0.00	0.00
10.10	27.60	28.40	28.30	26.70	0.70	2.20	0.00	0.00
10.20	27.60	28.50	28.40	26.80	0.70	2.20	0.00	0.00
10.30	27.60	28.50	28.40	26.80	0.80	2.00	0.00	0.00
10.40	27.50	28.40	28.20	26.70	1.00	2.00	0.00	0.00
10.50	27.50	28.40	28.40	26.70	0.80	2.20	0.00	0.00
10.60	27.50	28.40	28.40	26.70	0.80	2.50	0.00	0.00
10.70	27.60	28.40	28.30	26.70	0.80	2.50	0.00	0.00
10.80	27.60	28.40	28.30	26.70	1.00	2.40	0.00	0.00
10.90	27.50	28.30	28.20	26.50	0.70	2.50	0.00	0.00
11.00	27.60	28.40	28.40	26.60	0.50	1.90	0.00	0.00
11.10	27.60	28.40	28.40	26.60	0.70	2.50	0.00	0.00
11.20	27.60	28.40	28.20	26.70	1.10	2.50	0.00	0.00
11.30	27.50	28.30	28.30	26.70	0.70	1.00	0.00	0.00
11.40	27.50	28.30	28.30	26.70	0.80	2.40	0.00	0.00
11.50	27.60	28.40	28.30	26.60	0.80	2.00	0.00	0.00
11.60	27.50	28.40	28.30	26.70	0.80	2.00	0.00	0.00
11.70	27.50	28.40	28.30	26.70	0.70	2.20	0.00	0.00
11.80	27.60	28.40	28.30	26.70	0.70	2.00	0.00	0.00
11.90	27.60	28.40	28.30	26.70	1.00	1.30	0.00	0.00
12.00	27.60	28.20	28.30	26.70	0.80	2.20	0.00	0.00
12.10	27.60	28.40	28.30	26.70	1.10	2.00	0.00	0.00
12.20	27.60	28.40	28.30	26.70	0.70	2.40	0.00	0.00
12.30	27.70	28.30	28.30	26.70	0.40	2.00	0.00	0.00
12.40	27.50	28.30	28.30	26.50	0.50	2.00	0.00	0.00
12.50	27.50	28.30	28.30	26.50	1.00	1.00	0.00	0.00
12.60	27.60	28.40	28.30	26.60	0.70	1.70	0.00	0.00
12.70	27.60	28.40	28.30	26.60	0.80	1.90	0.00	0.00
12.80	27.60	28.40	28.20	26.70	0.50	2.00	0.00	0.00
12.90	27.50	28.30	28.10	26.50	1.30	2.20	0.00	0.00
13.00	27.50	28.30	28.10	26.50	0.50	2.40	0.00	0.00
13.10	27.50	28.40	28.20	26.50	1.10	2.20	0.00	0.00
13.20	27.50	28.20	28.20	26.50	0.80	2.40	0.00	0.00
13.30	27.50	28.20	28.20	26.50	1.00	2.20	0.00	0.00
13.40	27.50	28.30	28.20	26.70	0.80	2.00	0.00	0.00
13.50	27.50	28.30	28.10	26.70	0.80	2.00	0.00	0.00
13.60	27.50	28.30	28.10	26.70	0.40	2.00	0.00	0.00
13.70	27.40	28.30	28.20	26.60	0.70	3.40	0.00	0.00
13.80	27.40	28.30	28.20	26.60	0.40	1.40	0.00	0.00
13.90	27.70	28.40	28.40	26.80	0.80	1.90	0.00	0.00
14.00	27.60	28.30	28.20	26.70	0.20	2.00	0.00	0.00
14.10	27.60	28.30	28.20	26.70	0.50	2.40	0.00	0.00
14.20	27.60	28.30	28.20	26.50	0.70	2.70	0.00	0.00
14.30	27.60	28.30	28.30	26.60	0.70	2.20	0.00	0.00
14.40	27.60	28.30	28.30	26.60	0.80	1.70	0.00	0.00
14.50	27.70	28.30	28.30	26.70	0.50	2.40	0.00	0.00
14.60	27.60	28.30	28.20	26.60	0.80	2.50	0.00	0.00
14.70	27.60	28.30	28.20	26.60	0.70	2.00	0.00	0.00
14.80	27.60	28.30	28.20	26.60	0.50	2.20	0.00	0.00
14.90	27.60	28.40	28.30	26.60	0.70	1.90	0.00	0.00
15.00	27.60	28.40	28.30	26.60	0.80	2.40	0.00	0.00
15.10	27.50	28.30	28.30	26.60	1.10	1.70	0.00	0.00
15.20	27.60	28.40	28.30	26.60	1.00	2.20	0.00	0.00
15.30	27.60	28.40	28.30	26.60	1.00	2.00	0.00	0.00
15.40	27.60	28.30	28.20	26.50	1.00	2.00	0.00	0.00
15.50	27.60	28.30	28.20	26.60	1.00	2.00	0.00	0.00
15.60	27.60	28.30	28.20	26.60	0.50	2.00	0.00	0.00
15.70	27.60	28.30	28.30	26.60	-0.10	2.40	0.00	0.00
15.80	27.60	28.30	28.30	26.60	0.80	1.70	0.00	0.00
15.90	27.60	28.30	28.10	26.70	1.00	2.20	0.00	0.00
16.00	27.80	28.40	28.20	26.70	1.00	2.00	0.00	0.00
16.10	27.80	28.40	28.20	26.70	0.50	2.00	0.00	0.00
16.20	27.60	28.30	28.30	26.60	1.10	2.20	0.00	0.00
16.30	27.50	28.40	28.30	26.60	1.10	2.20	0.00	0.00
16.40	27.50	28.40	28.30	26.60	0.50	2.00	0.00	0.00
16.50	27.70	28.20	28.10	26.60	0.40	2.00	0.00	0.00
16.60	27.70	28.40	28.30	26.70	0.50	3.30	0.00	0.00
16.70	27.70	28.40	28.30	26.70	1.00	2.40	0.00	0.00
16.80	27.80	28.40	28.30	26.70	0.70	2.20	0.00	0.00
16.90	27.60	28.30	28.30	26.60	0.50	2.00	0.00	0.00
17.00	27.60	28.30	28.30	26.60	0.40	1.90	0.00	0.00
17.10	27.60	28.30	28.10	26.50	1.10	1.30	0.00	0.00
17.20	27.60	28.40	28.20	26.60	0.50	2.20	0.00	0.00
17.30	27.60	28.40	28.20	26.60	0.50	2.20	0.00	0.00
17.40	27.70	28.40	28.30	26.60	0.70	1.70	0.00	0.00
17.50	27.50	28.20	28.10	26.50	1.00	2.50	0.00	0.00
17.60	27.50	28.20	28.10	26.50	0.50	2.00	0.00	0.00
17.70	27.70	28.30	28.20	26.60	0.40	2.40	0.00	0.00
17.80	27.60	28.40	28.20	26.70	1.00	1.90	0.00	0.00
17.90	27.60	28.40	28.20	26.70	1.10	1.90	0.00	0.00
18.00	27.80	28.40	28.30	26.60	0.50	1.90	0.00	0.00
18.10	27.60	28.40	28.20	26.60	1.00	2.00	0.00	0.00
18.20	27.60	28.40	28.20	26.60	1.00	2.00	0.00	0.00
18.30	27.70	28.40	28.20	26.60	0.50	2.20	0.00	0.00
18.40	27.80	28.40	28.20	26.70	0.80	2.20	0.00	0.00
18.50	27.80	28.40	28.20	26.70	1.10	2.00	0.00	0.00
18.60	27.80	28.30	28.30	26.70	0.40	2.00	0.00	0.00
18.70	27.60	28.30	28.20	26.60	0.50	2.20	0.00	0.00
18.80	27.60	28.30	28.20	26.60	1.00	2.40	0.00	0.00
18.90	27.90	28.30	28.30	26.80	1.40	1.90	0.00	0.00
19.00	27.80	28.40	28.30	26.60	0.80	2.40	0.00	0.00
19.10	27.80	28.40	28.30	26.60	0.80	2.40	0.00	0.00
19.20	27.80	28.40	28.10	26.60	0.70	2.40	0.00	0.00
19.30	27.70	28.30	28.20	26.50	0.50	2.40	0.00	0.00
19.40	27.70	28.30	28.20	26.50	0.70	1.90	0.00	0.00
19.50	27.70	28.40	28.30	26.60	0.50	1.90	0.00	0.00
19.60	27.80	28.30	28.20	26.60	0.80	2.20	0.00	0.00
19.70	27.80	28.30	28.20	26.60	0.80	2.50	0.00	0.00
19.80	27.70	28.30	28.20	26.70	0.70	2.40	0.00	0.00
19.90	27.70	28.40	28.20	26.70	1.00	2.50	0.00	0.00
20.00	27.70	28.40	28.20	26.70	1.00	2.50	0.00	0.00
20.10	27.80	28.30	28.30	26.60	0.70	2.40	0.00	0.00
20.20	27.60	28.30	28.20	26.70	1.00	1.70	0.00	0.00
20.30	27.60	28.30	28.20	26.70	1.00	1.90	0.00	0.00
20.40	25.60	28.30	28.20	26.60	3.60	3.30	0.00	0.00
20.50	28.20	28.40	28.30	26.60	3.60	3.00	0.00	0.00
20.60	28.20	28.40	28.30	26.60	3.40	3.00	0.00	0.00
20.70	28.80	28.30	28.30	26.70	3.70	2.50	0.00	0.00
20.80	28.80	28.30	28.30	26.70	3.60	2.80	0.00	0.00
20.90	29.00	28.40	28.30	26.70	3.60	2.80	0.00	0.00
21.00	29.00	28.30	28.10	26.50	3.30	3.00	0.00	0.00
21.10	29.00	28.30	28.10	26.50	3.90	2.50	0.00	0.00
21.20	29.00	28.40	28.20	26.60	3.40	3.10	0.00	0.00
21.30	28.90	28.40	28.20	26.60	3.70	2.70	0.00	0.00
21.40	28.90	28.40	28.20	26.60	3.70	3.10	0.00	0.00
21.50	28.90	28.30	28.30	26.60	3.40	3.00	0.00	0.00
21.60	28.90	28.40	28.20	26.70	3.40	3.00	0.00	0.00
21.70	28.90	28.40	28.20	26.70	3.30	3.30	0.00	0.00
21.80	28.80	28.30	28.30	26.60	3.40	3.30	-0.01	0.00
21.90	28.60	28.30	28.20	26.60	3.40	3.30	8.90	0.00
22.00	28.60	28.30	28.20	26.60	3.10	2.80	35.99	0.00
22.10	28.60	28.30	28.20	26.50	3.40	3.10	47.61	0.00
22.20	28.70	28.30	28.20	26.60	3.70	3.00	50.00	0.00
22.30	28.70	28.30	28.20	26.60	4.00	3.70	51.59	0.00
22.40	28.80	28.20	28.20	26.60	3.90	3.40	52.34	0.00
22.50	28.90	28.20	28.20	26.50	4.00	3.10	52.61	0.00
22.60	28.90	28.20	28.20	26.50	3.70	2.80	52.43	0.00
22.70	29.00	28.20	28.10	26.50	4.40	4.50	52.20	0.00
22.80	29.00	28.20	28.10	26.50	4.40	4.50	51.91	0.00
22.90	29.10	28.30	28.20	26.60	4.50	2.80	51.72	0.00
23.00	29.30	28.40	28.20	26.70	4.50	2.80	51.36	0.00
23.10	29.30	28.40	28.20	26.70	4.50	2.80	50.84	0.00
23.20	29.50	28.20	28.20	26.80	4.70	3.10	50.38	0.00
23.30	29.40	28.40	28.30	26.60	4.50	3.30	49.92	0.00
23.40	29.40	28.40	28.30	26.60	5.40	3.10	49.76	0.00
23.50	29.60	28.30	28.20	26.70	5.10	2.50	49.60	0.00
23.60	29.70	28.30	28.20	26.60	5.30	2.80	49.37	0.00
23.70	29.70	28.30	28.20	26.60	5.30	2.80	49.31	0.00
23.80	29.80	28.50	28.20	26.70	5.40	2.40	49.21	0.00
23.90	29.80	28.50	28.20	26.70	5.30	2.70	49.04	0.00
24.00	29.80	28.40	28.30	26.70	6.40	2.70	48.98	0.00
24.10	30.00	28.50	28.30	26.70	3.70	3.10	48.89	0.00
24.20	30.00	28.50	28.30	26.70	5.70	3.00	48.80	0.00
24.30	30.00	28.30	28.20	26.50	6.00	2.50	48.75	0.00
24.40	29.90	28.30	28.30	26.50	5.60	3.00	48.71	0.00
24.50	29.90	28.30	28.30	26.50	6.80	2.70	48.79	0.00
24.60	30.10	28.30	28.20	26.60	6.20	3.00	49.44	0.00
24.70	30.00	28.30	28.30	26.60	6.20	3.00	49.92	0.00
24.80	30.00	28.30	28.30	26.60	6.80	3.10	50.24	0.00
24.90	30.10	28.30	28.30	26.60	6.80	2.70	50.44	0.00
25.00	30.00	28.40	28.10	26.60	7.10	3.10	50.52	0.00
25.10	30.00	28.40	28.10	26.60	7.00	3.00	50.45	0.00
25.20	30.20	28.40	28.20	26.60	7.00	3.10	50.39	0.00
25.30	30.50	28.40	28.30	26.50	7.70	3.00	50.32	0.00
25.40	30.50	28.40	28.30	26.50	7.40	2.80	50.23	0.00
25.50	30.30	28.30	28.20	26.60	7.40	2.70	50.18	0.00
25.60	30.30	28.40	28.20	26.70	7.30	3.40	50.18	0.00
25.70	30.30	28.40	28.20	26.70	7.30	3.40	50.06	0.00
25.80	30.20	28.20	28.20	26.70	7.40	3.00	50.04	0.00
25.90	30.40	28.30	28.20	26.60	7.60	3.10	49.98	0.00
26.00	30.40	28.30	28.20	26.60	7.90	3.00	49.93	0.00
26.10	30.40	28.40	28.20	26.60	7.90	2.80	49.91	0.00
26.20	30.40	28.20	28.10	26.60	8.50	2.80	49.80	0.00
26.30	30.40	28.20	28.10	26.60	8.20	3.10	49.80	0.00
26.40	30.60	28.40	28.20	26.70	8.00	3.00	49.73	0.00
26.50	30.60	28.40	28.20	26.70	8.70	3.10	49.66	0.00
26.60	30.50	28.40	28.20	26.70	8.70	3.10	49.61	0.00
26.70	30.60	28.30	28.30	26.60	9.00	2.80	49.59	0.00
26.80	30.60	28.30	28.30	26.60	8.80	3.00	49.57	0.00
26.90	30.60	28.40	28.30	26.70	9.10	1.40	49.66	0.00
27.00	30.70	28.40	28.40	26.70	9.00	2.70	49.85	0.00
27.10	30.70	28.40	28.40	26.70	9.30	2.50	50.05	0.00
27.20	30.70	28.40	28.30	26.70	9.30	2.80	50.10	0.00
27.30	30.70	28.40	28.30	26.70	9.60	3.00	50.13	0.00
27.40	30.70	28.30	28.30	26.70	9.60	3.10	50.06	0.00
27.50	30.60	28.30	28.30	26.60	9.60	2.80	50.05	0.00
27.60	30.60	28.30	28.30	26.60	9.60	2.80	50.04	0.00
27.70	30.70	28.30	28.30	26.60	9.90	1.00	49.96	0.00
27.80	30.70	28.40	28.20	26.60	9.40	2.50	49.91	0.00
27.90	30.70	28.40	28.20	26.60	9.90	2.80	49.93	0.00
28.00	30.80	28.30	28.20	26.70	10.20	2.70	49.88	0.00
28.10	30.80	28.40	28.30	26.80	10.20	3.10	49.87	0.00
28.20	30.80	28.40	28.30	26.80	10.50	3.00	49.82	0.00
28.30	30.90	28.30	28.30	26.60	10.40	2.70	49.79	0.00
28.40	30.80	28.30	28.20	26.60	10.20	2.80	49.72	0.00
28.50	30.80	28.30	28.20	26.60	10.20	2.80	49.74	0.00
28.60	30.90	28.30	28.20	26.70	11.10	3.00	49.69	0.00
28.70	30.90	28.30	28.20	26.70	10.70	2.70	49.87	0.00
28.80	31.00	28.30	28.20	26.70	10.70	3.00	50.17	0.00
28.90	30.90	28.30	28.30	26.60	11.10	3.10	50.31	0.00
29.00	30.90	28.30	28.30	26.60	11.00	3.30	50.41	0.00
29.10	30.80	28.30	28.20	26.70	11.30	2.40	50.50	0.00
29.20	30.80	28.20	28.20	26.50	11.10	2.80	50.54	0.00
29.30	30.80	28.20	28.20	26.50	11.40	3.00	50.53	0.00
29.40	31.00	28.30	28.20	26.60	11.40	3.00	50.51	0.00
29.50	31.00	28.40	28.40	26.70	11.90	2.70	50.49	0.00
29.60	31.00	28.40	28.40	26.70	11.60	2.70	50.44	0.00
29.70	30.90	28.30	28.20	26.50	12.10	2.80	50.39	0.00
29.80	31.00	28.40	28.20	26.60	11.90	3.00	50.34	0.00
29.90	31.00	28.40	28.20	26.60	12.10	3.00	50.32	0.00
30.00	31.10	28.30	28.20	26.70	12.10	2.80	50.27	0.00
30.10	31.00	28.30	28.20	26.60	12.40	3.00	50.26	0.00
30.20	31.00	28.30	28.20	26.60	12.40	3.00	50.23	0.00
30.30	31.00	28.30	28.30	26.70	12.40	3.00	50.15	0.00
30.40	31.00	28.30	28.30	26.70	13.00	2.70	50.15	0.00
30.50	31.00	28.30	28.20	26.70	13.00	3.30	50.15	0.00
30.60	31.10	28.30	28.30	26.60	13.10	2.50	50.10	0.00
30.70	31.10	28.30	28.30	26.60	13.60	2.70	50.10	0.00
30.80	31.00	28.30	28.30	26.60	12.80	2.40	50.04	0.00
30.90	31.10	28.30	28.20	26.60	13.40	2.50	50.00	0.00
31.00	31.10	28.30	28.20	26.60	13.10	3.00	49.98	0.00
31.10	31.20	28.40	28.30	26.60	13.40	3.00	49.96	0.00
31.20	31.10	28.20	28.10	26.50	13.60	3.10	49.91	0.00
31.30	31.10	28.20	28.10	26.50	13.60	3.10	49.82	0.00
31.40	31.20	28.30	28.10	26.60	13.70	3.30	49.87	0.00
31.50	31.40	28.30	28.30	26.70	13.70	3.00	49.81	0.00
31.60	31.40	28.30	28.30	26.70	14.20	2.00	49.76	0.00
31.70	31.40	28.50	28.20	26.70	14.40	2.80	49.75	0.00
31.80	31.40	28.50	28.20	26.70	14.50	2.70	49.74	0.00
31.90	31.40	28.40	28.30	26.60	14.70	3.00	49.69	0.00
32.00	31.40	28.30	28.20	26.70	14.40	3.00	49.70	0.00
32.10	31.40	28.30	28.20	26.70	14.50	3.00	49.65	0.00
32.20	31.30	28.10	28.20	26.60	14.70	2.50	49.65	0.00
32.30	31.30	28.20	28.20	26.50	14.70	2.50	49.61	0.00
32.40	31.30	28.20	28.20	26.50	15.00	3.00	49.57	0.00
32.50	31.40	28.30	28.30	26.60	14.70	2.80	49.61	0.00
32.60	31.30	28.30	28.30	26.60	14.70	2.40	49.53	0.00
32.70	31.30	28.30	28.30	26.60	15.10	3.10	49.53	0.00
32.80	31.20	28.20	28.20	26.50	15.40	2.80	49.54	0.00
32.90	31.20	28.20	28.20	26.50	15.30	3.00	49.44	0.00
33.00	31.20	28.30	28.10	26.60	15.10	3.10	49.50	0.00
33.10	31.30	28.30	28.20	26.60	15.60	3.00	49.49	0.00
33.20	31.30	28.30	28.20	26.60	15.60	3.00	49.48	0.00
33.30	31.40	28.20	28.20	26.60	15.70	3.00	49.49	0.00
33.40	31.40	28.30	28.30	26.60	15.70	3.00	49.85	0.00
33.50	31.40	28.30	28.30	26.60	16.50	2.70	50.01	0.00
33.60	31.40	28.20	28.20	26.50	16.40	3.00	50.08	0.00
33.70	31.40	28.30	28.30	26.50	16.20	2.50	50.07	0.00
33.80	31.40	28.30	28.30	26.50	16.10	2.50	50.06	0.00
33.90	31.40	28.30	28.20	26.60	17.00	3.00	50.05	0.00
34.00	31.50	28.20	28.20	26.50	16.70	2.70	50.01	0.00
34.10	31.50	28.20	28.20	26.50	16.80	4.00	49.96	0.00
34.20	31.40	28.30	28.30	26.60	16.80	4.00	49.96	0.00
34.30	31.60	28.40	28.20	26.60	16.80	4.00	49.92	0.00
34.40	31.60	28.40	28.20	26.60	16.80	2.80	49.87	0.00
34.50	31.60	28.20	28.30	26.60	17.10	3.10	49.86	0.00
34.60	31.60	28.20	28.20	26.60	17.10	3.00	49.82	0.00
34.70	31.60	28.20	28.20	26.60	17.60	3.00	49.83	0.00
34.80	31.40	28.30	28.30	26.50	17.40	2.70	49.76	0.00
34.90	31.40	28.30	28.30	26.50	17.60	3.00	49.82	0.00
35.00	31.60	28.30	28.30	26.50	17.90	2.80	49.78	0.00
35.10	31.70	28.40	28.30	26.70	18.10	3.40	49.75	0.00
35.20	31.70	28.40	28.30	26.70	18.10	3.40	49.75	0.00
35.30	31.70	28.30	28.30	26.70	18.10	2.80	49.88	0.00
35.40	31.70	28.30	28.30	26.70	18.50	2.80	50.08	0.00
35.50	31.60	28.30	28.20	26.60	18.70	2.50	50.18	0.00
35.60	31.70	28.50	28.30	26.70	18.10	3.00	50.18	0.00
35.70	31.70	28.50	28.30	26.70	18.50	3.00	50.13	0.00
35.80	31.60	28.30	28.30	26.70	18.70	2.80	50.07	0.00
35.90	31.70	28.30	28.20	26.60	18.70	2.80	50.05	0.00
36.00	31.70	28.30	28.20	26.60	18.50	2.80	50.01	0.00
36.10	31.50	28.20	28.20	26.50	18.80	2.80	50.05	0.00
36.20	31.70	28.20	28.30	26.60	18.80	2.80	50.02	0.00
36.30	31.70	28.20	28.30	26.60	18.70	3.00	50.04	0.00
36.40	31.60	28.30	28.30	26.60	19.10	2.80	49.98	0.00
36.50	31.70	28.30	28.30	26.70	19.30	3.10	49.92	0.00
36.60	31.70	28.30	28.30	26.70	20.10	2.40	49.92	0.00
36.70	31.70	28.30	28.20	26.60	20.10	2.80	49.87	0.00
36.80	31.60	28.30	28.20	26.50	19.40	3.10	49.88	0.00
36.90	31.60	28.30	28.20	26.50	19.40	2.80	49.82	0.00
37.00	31.70	28.20	28.20	26.60	19.60	2.80	49.82	0.00
37.10	31.80	28.40	28.40	26.70	19.60	2.80	49.78	0.00
37.20	31.80	28.40	28.40	26.70	19.90	2.80	49.80	0.00
37.30	31.90	28.30	28.20	26.70	20.20	2.80	49.74	0.00
37.40	31.80	28.30	28.30	26.60	20.20	0.50	49.73	0.00
37.50	31.80	28.30	28.30	26.60	20.50	3.10	49.73	0.00
37.60	31.70	28.20	28.20	26.50	20.20	2.80	49.72	0.00
37.70	31.70	28.20	28.20	26.50	20.70	3.30	49.89	0.00
37.80	31.80	28.20	28.10	26.40	20.80	2.40	49.98	0.00
37.90	31.70	28.20	28.20	26.60	20.40	2.70	50.04	0.00
38.00	31.80	28.30	28.30	26.70	20.40	2.70	50.06	0.00
38.10	31.80	28.30	28.30	26.70	21.40	2.70	50.05	0.00
38.20	31.70	28.30	28.20	26.60	21.30	2.50	50.13	0.00
38.30	31.70	28.30	28.20	26.60	21.40	3.00	50.20	0.00
38.40	31.70	28.30	28.20	26.60	21.10	2.80	50.24	0.00
38.50	31.90	28.30	28.30	26.70	21.30	2.80	50.17	0.00
38.60	31.90	28.30	28.30	26.70	21.90	2.80	50.20	0.00
38.70	31.80	28.20	28.20	26.60	21.80	2.80	50.20	0.00
38.80	31.90	28.20	28.30	26.60	22.10	3.30	50.20	0.00
38.90	31.90	28.20	28.30	26.60	22.10	3.30	50.23	0.00
39.00	31.90	28.30	28.30	26.60	21.90	2.80	50.18	0.00
39.10	31.90	28.20	28.10	26.60	21.60	3.00	50.19	0.00
39.20	31.90	28.20	28.10	26.60	22.10	2.70	50.12	0.00
39.30	32.00	28.40	28.40	26.70	22.20	2.80	50.10	0.00
39.40	31.90	28.40	28.30	26.60	22.40	2.80	50.06	0.00
39.50	31.90	28.40	28.30	26.60	22.80	2.80	50.01	0.00
39.60	32.00	28.20	28.30	26.60	22.80	2.80	50.04	0.00
39.70	32.00	28.30	28.30	26.70	22.70	2.70	49.99	0.00
39.80	32.00	28.30	28.30	26.70	22.70	2.70	49.98	0.00
39.90	31.90	28.30	28.30	26.50	22.80	3.10	49.94	0.00
40.00	32.00	28.30	28.20	26.50	23.00	3.10	49.96	0.00
40.10	32.00	28.30	28.20	26.50	22.80	3.00	49.95	0.00
40.20	31.90	28.30	28.20	26.60	23.30	2.70	49.87	0.00
40.30	31.90	28.30	28.30	26.70	23.10	3.10	49.83	0.00
40.40	31.90	28.30	28.30	26.70	23.40	2.70	49.85	0.00
40.50	31.90	28.20	28.10	26.60	23.80	3.00	49.79	0.00
40.60	31.90	28.20	28.10	26.60	23.90	2.70	49.81	0.00
40.70	31.90	28.20	28.30	26.60	23.90	2.70	49.80	0.00
40.80	32.10	28.30	28.30	26.60	23.90	2.70	49.76	0.00
40.90	32.10	28.30	28.30	26.60	23.80	2.70	49.75	0.00
41.00	31.70	28.20	28.30	26.50	24.40	2.80	49.75	0.00
41.10	31.90	28.30	28.30	26.60	24.20	2.50	49.72	0.00
41.20	31.90	28.30	28.30	26.60	23.00	3.00	49.74	0.00
41.30	31.90	28.20	28.20	26.50	24.50	2.80	49.87	0.00
41.40	31.80	28.20	28.20	26.50	24.70	2.70	49.99	0.00
41.50	31.80	28.20	28.20	26.50	25.00	2.80	50.06	0.00
41.60	32.10	28.30	28.20	26.60	25.00	2.80	50.04	0.00
41.70	32.00	28.40	28.40	26.60	25.10	2.80	50.04	0.00
41.80	32.00	28.40	28.40	26.60	25.00	3.00	50.01	0.00
41.90	32.10	28.30	28.20	26.50	25.00	2.00	49.98	0.00
42.00	32.10	28.30	28.20	26.50	25.10	3.00	49.98	0.00
42.10	32.00	28.20	28.20	26.50	25.60	2.80	49.93	0.00
42.20	32.10	28.40	28.30	26.70	25.40	3.00	50.02	0.00
42.30	32.10	28.40	28.30	26.70	25.60	3.10	49.91	0.00
42.40	32.10	28.20	28.30	26.60	25.80	2.80	49.92	0.00
42.50	32.10	28.30	28.20	26.70	26.20	3.00	49.92	0.00
42.60	32.10	28.30	28.20	26.70	26.20	3.00	49.89	0.00
42.70	32.10	28.40	28.30	26.70	26.20	2.80	49.85	0.00
42.80	32.10	28.20	28.20	26.60	25.90	3.00	49.78	0.00
42.90	32.10	28.20	28.20	26.60	26.50	2.70	49.82	0.00
43.00	32.00	28.30	28.20	26.50	26.20	3.00	49.80	0.00
43.10	32.00	28.20	28.20	26.50	26.20	2.70	49.80	0.00
43.20	32.00	28.20	28.20	26.50	27.00	2.70	49.91	0.00
43.30	32.20	28.20	28.20	26.60	26.50	2.50	49.94	0.00
43.40	32.10	28.20	28.30	26.70	26.80	3.10	49.96	0.00
43.50	32.10	28.20	28.30	26.70	26.80	3.10	49.91	0.00
43.60	32.20	28.20	28.20	26.70	27.00	3.10	49.89	0.00
43.70	32.10	28.30	28.30	26.60	26.80	2.50	50.02	0.00
43.80	32.10	28.30	28.30	26.60	27.30	2.80	49.95	0.00
43.90	32.20	28.30	28.30	26.70	27.00	2.70	50.08	0.00
44.00	32.30	28.30	28.20	26.70	27.30	2.70	50.02	0.00
44.10	32.30	28.30	28.20	26.70	27.30	2.80	50.05	0.00
44.20	32.10	28.20	28.20	26.60	27.90	2.50	49.95	0.00
44.30	32.20	28.30	28.30	26.60	27.50	2.80	50.00	0.00
44.40	32.20	28.30	28.30	26.60	27.50	2.80	50.01	0.00
44.50	32.20	28.30	28.30	26.70	27.90	3.10	49.96	0.00
44.60	32.20	28.30	28.30	26.70	27.90	3.40	49.95	0.00
44.70	32.20	28.30	28.30	26.60	27.90	2.80	49.94	0.00
44.80	32.30	28.30	28.20	26.70	28.10	3.00	49.88	0.00
44.90	32.30	28.30	28.20	26.70	28.10	2.70	49.82	0.00
45.00	32.20	28.30	28.20	26.70	28.70	3.00	49.87	0.00
45.10	32.20	28.30	28.20	26.60	29.00	2.80	49.79	0.00
45.20	32.20	28.30	28.20	26.60	28.20	3.10	49.74	0.00
45.30	32.20	28.20	28.20	26.60	28.20	3.10	49.75	0.00
45.40	32.20	28.20	28.20	26.60	28.70	2.80	49.72	0.00
45.50	32.30	28.30	28.30	26.70	29.10	2.40	49.83	0.00
45.60	32.30	28.30	28.30	26.70	29.30	2.80	49.93	0.00
45.70	32.20	28.30	28.30	26.60	29.30	3.00	49.96	0.00
45.80	32.20	28.30	28.30	26.70	29.50	2.80	49.99	0.00
45.90	32.20	28.30	28.30	26.70	29.50	2.50	50.05	0.00
46.00	32.20	28.30	28.30	26.70	29.60	2.70	50.11	0.00
46.10	32.10	28.20	28.20	26.50	29.80	3.10	50.02	0.00
46.20	32.10	28.20	28.20	26.50	29.50	3.00	50.01	0.00
46.30	32.20	28.30	28.30	26.60	29.50	3.00	50.00	0.00
46.40	32.30	28.30	28.20	26.70	29.80	2.70	50.00	0.00
46.50	32.30	28.30	28.20	26.70	30.10	3.00	49.87	0.00
46.60	32.30	28.30	28.20	26.60	30.10	2.70	49.89	0.00
46.70	32.30	28.30	28.20	26.50	30.20	3.00	49.89	0.00
46.80	32.30	28.30	28.20	26.50	30.40	3.30	49.88	0.00
46.90	32.40	28.20	28.20	26.50	30.50	2.70	49.82	0.00
47.00	32.20	28.20	28.10	26.60	30.70	2.70	49.82	0.00
47.10	32.20	28.20	28.10	26.60	30.70	3.00	49.78	0.00
47.20	32.20	28.20	28.30	26.60	30.70	3.00	49.81	0.00
47.30	32.20	28.20	28.30	26.60	31.30	3.10	49.80	0.00
47.40	32.20	28.20	28.20	26.50	31.00	2.80	49.76	0.00
47.50	32.20	28.20	28.20	26.60	31.00	3.00	49.80	0.00
47.60	32.20	28.20	28.20	26.60	30.80	2.70	49.78	0.00
47.70	32.30	28.20	28.20	26.70	31.30	2.70	49.73	0.00
47.80	32.20	28.20	28.20	26.60	31.30	2.50	49.81	0.00
47.90	32.20	28.20	28.20	26.60	31.60	2.70	49.92	0.00
48.00	32.30	28.20	28.20	26.60	31.90	3.00	49.89	0.00
48.10	32.30	28.20	28.20	26.60	32.10	2.50	49.96	0.00
48.20	32.20	28.20	28.30	26.60	32.10	2.50	50.02	0.00
48.30	32.30	28.30	28.30	26.70	32.10	2.70	50.05	0.00
48.40	32.30	28.30	28.30	26.70	32.40	3.10	49.96	0.00
48.50	32.30	28.20	28.20	26.60	32.40	2.80	49.98	0.00
48.60	32.40	28.20	28.20	26.50	32.40	3.30	49.93	0.00
48.70	32.40	28.20	28.20	26.50	32.40	2.80	49.93	0.00
48.80	32.20	28.20	28.20	26.50	32.50	2.70	49.88	0.00
48.90	32.20	28.20	28.20	26.50	32.40	2.80	49.88	0.00
49.00	32.20	28.30	28.20	26.60	32.80	2.50	49.91	0.00
49.10	32.30	28.10	28.20	26.50	32.20	3.10	49.95	0.00
49.20	32.30	28.10	28.20	26.50	32.20	3.10	50.01	0.00
49.30	32.30	28.30	28.30	26.60	32.80	2.70	49.98	0.00
49.40	32.40	28.20	28.30	26.70	33.50	3.10	49.94	0.00
49.50	32.40	28.20	28.30	26.70	33.60	2.80	50.01	0.00
49.60	32.30	28.10	28.30	26.50	33.10	3.30	49.99	0.00
49.70	32.30	28.10	28.10	26.50	33.30	3.10	49.96	0.00
49.80	32.30	28.10	28.10	26.50	33.90	3.30	49.94	0.00
49.90	32.30	28.40	28.40	26.70	34.10	3.30	49.93	0.00
50.00	32.30	28.20	28.30	26.60	33.90	2.80	49.96	0.00
50.10	32.30	28.20	28.30	26.60	33.90	2.80	49.99	0.00
50.20	32.30	28.30	28.40	26.60	33.90	2.80	49.95	0.00
50.30	32.40	28.20	28.20	26.60	34.10	3.30	49.98	0.00
50.40	32.40	28.20	28.20	26.60	34.50	3.30	50.00	0.00
50.50	32.40	28.30	28.20	26.70	34.20	3.00	50.00	0.00
50.60	32.30	28.20	28.20	26.50	34.50	3.00	49.93	0.00
50.70	32.30	28.20	28.20	26.50	34.40	2.70	49.92	0.00
50.80	32.30	28.40	28.30	26.60	34.40	2.50	49.89	0.00
50.90	32.30	28.40	28.30	26.60	35.20	2.50	49.88	0.00
51.00	32.40	28.20	28.30	26.50	35.20	2.50	49.88	0.00
51.10	32.30	28.20	28.20	26.60	34.80	2.50	49.91	0.00
51.20	32.30	28.20	28.20	26.60	35.00	2.80	49.93	0.00
51.30	32.30	28.10	28.30	26.50	35.30	3.10	49.87	0.00
51.40	32.30	28.10	28.30	26.50	35.00	2.70	49.95	0.00
51.50	32.50	28.40	28.40	26.70	35.50	3.00	49.86	0.00
51.60	32.40	28.20	28.20	26.50	35.30	2.80	49.93	0.00
51.70	32.40	28.20	28.20	26.50	35.90	2.70	49.80	0.00
51.80	32.40	28.30	28.30	26.60	36.40	3.00	49.95	0.00
51.90	32.30	28.30	28.20	26.60	36.10	2.80	49.87	0.00
52.00	32.30	28.30	28.20	26.60	36.10	2.80	49.95	0.00
52.10	32.50	28.30	28.30	26.60	36.20	2.70	49.96	0.00
52.20	32.50	28.40	28.30	26.80	36.40	2.50	49.96	0.00
52.30	32.50	28.40	28.30	26.80	36.20	2.70	49.98	0.00
52.40	32.50	28.30	28.30	26.60	36.70	3.00	49.93	0.00
52.50	32.40	28.30	28.30	26.60	36.40	2.50	49.93	0.00
52.60	32.40	28.30	28.30	26.60	36.40	2.70	49.96	0.00
52.70	32.30	28.20	28.20	26.60	36.50	2.50	50.04	0.00
52.80	32.30	28.20	28.20	26.60	36.80	2.80	50.02	0.00
52.90	32.40	28.20	28.30	26.60	36.80	2.80	50.01	0.00
53.00	32.50	28.30	28.30	26.70	36.80	2.80	49.99	0.00
53.10	32.50	28.30	28.30	26.70	37.20	2.50	49.96	0.00
53.20	32.50	28.40	28.20	26.60	37.00	2.70	49.91	0.00
53.30	32.30	28.20	28.20	26.50	37.50	2.80	49.91	0.00
53.40	32.30	28.20	28.20	26.50	37.30	3.00	49.85	0.00
53.50	32.50	28.30	28.20	26.60	37.50	2.70	49.88	0.00
53.60	32.50	28.30	28.20	26.60	38.10	3.40	49.99	0.00
53.70	32.50	28.30	28.20	26.60	37.80	2.50	50.02	0.00
53.80	32.40	28.30	28.30	26.60	37.90	2.50	49.98	0.00
53.90	32.40	28.30	28.30	26.60	37.90	2.50	50.06	0.00
54.00	32.40	28.20	28.30	26.60	37.80	2.70	49.95	0.00
54.10	32.50	28.20	28.30	26.60	38.10	2.80	49.94	0.00
54.20	32.50	28.20	28.30	26.60	38.50	3.40	49.98	0.00
54.30	32.40	28.20	28.20	26.60	38.70	2.50	49.93	0.00
54.40	32.40	28.20	28.30	26.50	38.40	3.10	49.91	0.00
54.50	32.40	28.20	28.30	26.50	38.50	2.70	49.99	0.00
54.60	32.50	28.30	28.30	26.70	39.00	2.80	50.07	0.00
54.70	32.30	28.10	28.10	26.60	38.80	2.70	49.98	0.00
54.80	32.30	28.10	28.10	26.60	39.30	2.70	49.98	0.00
54.90	32.40	28.20	28.20	26.50	39.30	2.70	49.96	0.00
55.00	32.40	28.20	28.20	26.50	39.20	2.80	49.91	0.00
55.10	32.50	28.20	28.20	26.50	39.50	2.50	49.85	0.00
55.20	32.40	28.20	28.30	26.60	39.30	2.80	49.82	0.00
55.30	32.40	28.20	28.30	26.60	39.20	2.80	49.74	0.00
55.40	32.40	28.20	28.20	26.70	39.50	2.80	49.79	0.00
55.50	32.50	28.40	28.40	26.60	39.60	3.00	49.79	0.00
55.60	32.50	28.40	28.40	26.60	40.10	2.70	49.87	0.00
55.70	32.50	28.20	28.20	26.60	39.80	3.30	49.99	0.00
55.80	32.50	28.20	28.20	26.60	39.80	3.30	50.11	0.00
55.90	32.50	28.30	28.30	26.60	39.80	3.30	50.11	0.00
56.00	32.60	28.40	28.30	26.60	40.50	3.00	50.04	0.00
56.10	32.60	28.40	28.30	26.60	40.40	3.00	49.99	0.00
56.20	32.50	28.20	28.20	26.60	40.50	2.50	49.98	0.00
56.30	32.30	28.10	28.10	26.50	40.50	2.80	49.87	0.00
56.40	32.30	28.10	28.10	26.50	41.00	2.70	49.85	0.00
56.50	32.50	28.30	28.30	26.70	40.80	0.80	49.92	0.00
56.60	32.50	28.30	28.30	26.70	41.00	3.40	49.81	0.00
56.70	32.40	28.30	28.30	26.70	41.00	3.40	49.73	0.00
56.80	32.40	28.10	28.30	26.70	41.30	3.10	49.93	0.00
56.90	32.40	28.10	28.30	26.70	41.20	2.50	50.00	0.00
57.00	32.50	28.40	28.50	26.60	41.60	3.90	50.11	0.00
57.10	32.50	28.20	28.20	26.60	41.90	2.80	50.05	0.00
57.20	32.50	28.20	28.20	26.60	41.50	3.00	49.96	0.00
57.30	32.60	28.40	28.30	26.70	41.60	3.00	49.95	0.00
57.40	32.60	28.20	28.30	26.70	41.60	2.80	49.89	0.00
57.50	32.60	28.20	28.30	26.70	42.20	2.80	49.82	0.00
57.60	32.40	28.20	28.30	26.60	42.20	2.80	49.82	0.00
57.70	32.40	28.10	28.30	26.60	42.10	2.50	49.85	0.00
57.80	32.40	28.10	28.30	26.60	42.20	2.80	49.96	0.00
57.90	32.50	28.20	28.30	26.60	42.50	3.00	50.19	0.00
58.00	32.40	28.10	28.10	26.60	42.40	1.40	50.04	0.00
58.10	32.40	28.10	28.10	26.60	42.70	3.10	49.96	0.00
58.20	32.40	28.20	28.20	26.60	42.20	2.80	50.00	0.00
58.30	32.50	28.20	28.20	26.70	43.00	2.80	49.89	0.00
58.40	32.50	28.20	28.20	26.70	42.80	2.80	49.93	0.00
58.50	32.60	28.30	28.30	26.60	42.80	2.80	49.87	0.00
58.60	32.50	28.20	28.20	26.50	43.00	2.70	49.83	0.00
58.70	32.50	28.20	28.20	26.50	43.20	3.00	49.81	0.00
58.80	32.50	28.30	28.30	26.60	43.30	2.70	49.75	0.00
58.90	32.50	28.30	28.30	26.60	43.30	3.00	49.81	0.00
59.00	32.50	28.20	28.40	26.50	43.60	3.00	50.01	0.00
59.10	32.40	28.20	28.20	26.60	43.60	2.70	50.07	0.00
59.20	32.40	28.20	28.20	26.60	43.50	3.10	49.96	0.00
59.30	32.40	28.10	28.20	26.70	43.80	3.00	50.02	0.00
59.40	32.50	28.20	28.20	26.60	43.60	3.00	49.94	0.00
59.50	32.50	28.20	28.20	26.60	43.60	3.00	49.86	0.00
59.60	32.40	28.20	28.20	26.70	44.10	2.50	49.93	0.00
59.70	32.50	28.10	28.30	26.70	43.90	2.80	49.92	0.00
59.80	32.50	28.10	28.30	26.70	43.90	3.30	49.98	0.00
59.90	32.50	28.20	28.30	26.60	44.90	2.80	50.06	0.00
60.00	32.40	28.20	28.30	26.60	44.40	2.80	50.12	0.00
60.10	32.40	28.20	28.30	26.60	44.90	3.10	50.06	0.00
60.20	32.50	28.10	28.20	26.60	45.20	3.10	50.06	0.00
60.30	32.40	28.20	28.20	26.60	45.00	2.40	49.98	0.00
60.40	32.40	28.20	28.20	26.60	45.00	2.40	49.95	0.00
60.50	32.50	28.20	28.20	26.60	44.90	2.40	49.89	0.00
60.60	32.50	28.20	28.20	26.60	44.90	2.80	49.80	0.00
60.70	32.50	28.10	28.20	26.50	45.60	2.80	49.81	0.00
60.80	32.50	28.10	28.30	26.50	45.50	2.80	49.69	0.00
60.90	32.50	28.10	28.30	26.50	45.50	2.50	49.70	0.00
61.00	32.60	28.20	28.20	26.50	46.10	2.50	49.92	0.00
61.10	32.60	28.20	28.20	26.60	45.50	2.70	50.15	0.00
61.20	32.60	28.20	28.20	26.60	45.60	2.40	50.19	0.00
61.30	32.40	28.20	28.20	26.50	45.80	3.10	50.12	0.00
61.40	32.50	28.20	28.20	26.70	46.10	3.00	50.07	0.00
61.50	32.50	28.20	28.20	26.70	46.40	3.10	50.07	0.00
61.60	32.50	28.20	28.30	26.60	46.50	3.00	49.99	0.00
61.70	32.50	28.20	28.30	26.60	46.20	2.70	49.92	0.00
61.80	32.50	28.20	28.40	26.60	47.00	2.80	49.89	0.00
61.90	32.50	28.20	28.10	26.60	46.90	3.30	49.78	0.00
62.00	32.50	28.20	28.10	26.60	47.00	2.80	49.78	0.00
62.10	32.60	28.30	28.30	26.80	44.90	3.00	49.74	0.00
62.20	32.60	28.30	28.30	26.80	46.90	2.40	49.66	0.00
62.30	32.60	28.30	28.30	26.60	46.90	2.40	49.70	0.00
62.40	32.40	28.20	28.20	26.60	47.50	2.70	50.04	0.00
62.50	32.40	28.20	28.20	26.60	48.40	2.50	50.11	0.00
62.60	32.50	28.30	28.30	26.70	47.30	3.10	50.19	0.00
62.70	32.50	28.30	28.30	26.70	47.20	3.10	50.14	0.00
62.80	32.50	28.20	28.20	26.60	47.30	3.10	50.02	0.00
62.90	32.40	28.10	28.20	26.60	47.80	2.70	49.99	0.00
63.00	32.40	28.10	28.20	26.60	47.80	3.00	49.91	0.00
63.10	32.50	28.10	28.30	26.60	48.10	2.80	49.89	0.00
63.20	32.50	28.20	28.20	26.60	48.10	2.80	49.86	0.00
63.30	32.50	28.20	28.20	26.60	48.10	2.70	49.69	0.00
63.40	32.60	28.20	28.30	26.70	48.50	2.80	49.75	0.00
63.50	32.60	28.20	28.30	26.70	48.20	2.80	49.79	0.00
63.60	32.40	28.20	28.20	26.60	48.50	2.80	49.80	0.00
63.70	32.40	28.10	28.20	26.70	48.40	3.70	50.07	0.00
63.80	32.40	28.10	28.20	26.70	48.20	2.70	50.10	0.00
63.90	32.50	28.20	28.20	26.70	48.50	3.30	50.05	0.00
64.00	32.60	28.30	28.40	26.70	48.90	3.30	50.04	0.00
64.10	32.60	28.30	28.40	26.70	48.90	2.80	49.96	0.00
64.20	32.50	28.20	28.30	26.70	49.30	3.40	49.88	0.00
64.30	32.60	28.30	28.20	26.60	49.60	2.80	49.82	0.00
64.40	32.60	28.30	28.20	26.60	49.60	2.70	49.79	0.00
64.50	32.50	28.20	28.30	26.70	49.20	2.50	49.74	0.00
64.60	32.50	28.40	28.30	26.60	49.50	2.80	49.94	0.00
64.70	32.50	28.40	28.30	26.60	49.60	2.70	49.93	0.00
64.80	32.50	28.30	28.20	26.70	49.80	3.00	49.93	0.00
64.90	32.40	28.20	28.40	26.60	49.80	2.80	49.91	0.00
65.00	32.40	28.20	28.40	26.60	49.90	3.10	49.99	0.00
65.10	32.40	28.10	28.30	26.70	49.90	3.10	49.96	0.00
65.20	32.50	28.30	28.40	26.70	50.10	2.80	49.93	0.00
65.30	32.50	28.30	28.40	26.70	49.90	2.80	49.88	0.00
65.40	32.60	28.30	28.40	26.70	50.20	3.00	50.02	0.00
65.50	32.50	28.20	28.20	26.60	50.90	2.50	50.07	0.00
65.60	32.50	28.20	28.20	26.60	50.50	2.80	49.99	0.00
65.70	32.60	28.20	28.40	26.70	50.90	3.30	49.87	0.00
65.80	32.60	28.30	28.30	26.70	51.00	2.80	49.94	0.00
65.90	32.60	28.30	28.30	26.70	50.90	3.00	49.88	0.00
66.00	32.40	28.20	28.30	26.60	50.90	3.00	49.87	0.00
66.10	32.50	28.20	28.20	26.60	51.20	3.10	49.87	0.00
66.20	32.50	28.20	28.20	26.60	51.20	2.80	49.82	0.00
66.30	32.60	28.20	28.30	26.60	51.00	2.80	49.83	0.00
66.40	32.40	28.20	28.20	26.60	51.20	2.70	49.92	0.00
66.50	32.40	28.20	28.20	26.60	51.60	2.80	49.86	0.00
66.60	32.50	28.30	28.30	26.60	51.30	2.70	50.02	0.00
66.70	32.50	28.20	28.30	26.60	51.80	2.40	49.98	0.00
66.80	32.50	28.20	28.30	26.60	51.90	3.10	49.95	0.00
66.90	32.50	28.10	28.20	26.60	51.90	3.10	49.99	0.00
67.00	32.60	28.30	28.30	26.90	52.40	3.40	49.88	0.00
67.10	32.60	28.30	28.30	26.90	52.20	2.70	49.72	0.00
67.20	32.40	28.10	28.20	26.60	51.90	2.80	49.72	0.00
67.30	32.50	28.20	28.30	26.60	52.20	2.80	49.75	0.00
67.40	32.50	28.20	28.30	26.60	50.70	3.10	49.73	0.00
67.50	32.50	28.20	28.30	26.70	52.70	3.30	49.82	0.00
67.60	32.50	28.20	28.20	26.60	52.50	3.00	49.89	0.00
67.70	32.50	28.20	28.20	26.60	53.20	2.70	49.91	0.00
67.80	32.50	28.10	28.20	26.60	53.20	2.70	49.95	0.00
67.90	32.50	28.10	28.20	26.50	53.00	2.80	49.94	0.00
68.00	32.50	28.10	28.20	26.50	53.60	2.80	49.92	0.00
68.10	32.50	28.20	28.40	26.70	53.30	3.00	49.78	0.00
68.20	32.40	28.20	28.30	26.70	53.60	3.90	49.87	0.00
68.30	32.40	28.20	28.30	26.70	53.30	2.50	49.88	0.00
68.40	32.50	28.30	28.30	26.60	53.60	2.40	49.88	0.00
68.50	32.50	28.20	28.30	26.60	54.10	3.10	49.95	0.00
68.60	32.50	28.20	28.30	26.60	53.90	3.30	49.89	0.00
68.70	32.50	28.10	28.20	26.60	53.90	3.30	49.92	0.00
68.80	32.50	28.20	28.20	26.70	54.20	2.80	49.83	0.00
68.90	32.50	28.20	28.20	26.70	54.10	2.80	49.70	0.00
69.00	32.50	28.20	28.20	26.70	54.40	2.70	49.67	0.00
69.10	32.60	28.20	28.30	26.60	54.10	3.00	49.86	0.00
69.20	32.60	28.20	28.30	26.60	54.20	2.80	49.87	0.00
69.30	32.60	28.30	28.30	26.60	54.20	2.80	49.91	0.00
69.40	32.40	28.10	28.30	26.70	54.60	3.00	49.98	0.00
69.50	32.40	28.10	28.30	26.70	54.70	3.10	50.07	0.00
69.60	32.40	28.20	28.20	26.60	55.20	2.80	50.08	0.00
69.70	32.40	28.20	28.20	26.60	55.20	2.80	50.08	0.00
69.80	32.40	28.20	28.20	26.70	55.00	2.70	50.02	0.00
69.90	32.50	28.10	28.20	26.60	55.20	2.70	50.04	0.00
70.00	32.50	28.10	28.20	26.60	55.20	2.80	50.10	0.00
70.10	32.50	28.10	28.20	26.60	54.90	2.80	50.00	0.00
70.20	32.60	28.20	28.10	26.60	55.50	3.10	49.95	0.00
70.30	32.60	28.20	28.10	26.60	55.60	2.70	49.82	0.00
70.40	32.50	28.10	28.30	26.70	56.10	2.80	49.86	0.00
70.50	32.60	28.20	28.30	26.70	55.30	3.00	49.89	0.00
70.60	32.60	28.20	28.30	26.70	55.90	2.50	49.92	0.00
70.70	32.60	28.10	28.30	26.50	55.90	2.50	49.96	0.00
70.80	32.50	28.10	28.20	26.60	56.40	2.80	50.00	0.00
70.90	32.50	28.10	28.20	26.60	56.20	2.80	50.06	0.00
71.00	32.60	28.30	28.40	26.70	56.60	2.80	49.91	0.00
71.10	32.50	28.20	28.20	26.70	56.70	2.80	49.91	0.00
71.20	32.50	28.20	28.20	26.70	56.40	2.80	49.85	0.00
71.30	32.50	28.20	28.20	26.70	56.70	2.80	50.01	0.00
71.40	32.50	28.20	28.40	26.70	56.60	2.80	50.15	0.00
71.50	32.50	28.20	28.40	26.70	57.20	3.00	50.04	0.00
71.60	32.40	28.10	28.10	26.60	57.20	3.00	49.98	0.00
71.70	32.40	28.10	28.10	26.60	57.20	2.50	49.96	0.00
71.80	32.40	28.10	28.20	26.60	57.00	3.10	49.82	0.00
71.90	32.40	28.20	28.30	26.70	57.60	2.70	49.86	0.00
72.00	32.40	28.20	28.30	26.70	57.50	2.70	49.88	0.00
72.10	32.60	28.20	28.40	26.70	57.60	3.30	49.87	0.00
72.20	32.40	28.20	28.20	26.60	57.80	3.10	49.94	0.00
72.30	32.40	28.20	28.20	26.60	57.30	2.50	50.00	0.00
72.40	32.60	28.30	28.40	26.70	57.30	2.80	49.98	0.00
72.50	32.50	28.20	28.20	26.60	57.30	2.80	50.01	0.00
72.60	32.50	28.20	28.20	26.60	58.20	2.80	49.99	0.00
72.70	32.50	28.10	28.30	26.70	58.10	2.70	49.98	0.00
72.80	32.50	28.20	28.20	26.50	58.20	2.50	49.98	0.00
72.90	32.50	28.20	28.20	26.50	58.60	2.70	49.89	0.00
73.00	32.40	28.10	28.20	26.60	58.40	0.50	49.93	0.00
73.10	32.50	28.20	28.30	26.70	58.20	2.80	49.87	0.00
73.20	32.50	28.20	28.30	26.70	58.70	3.00	49.92	0.00
73.30	32.50	28.30	28.20	26.60	58.90	2.80	49.82	0.00
73.40	32.50	28.20	28.20	26.60	58.70	2.70	49.89	0.00
73.50	32.50	28.20	28.20	26.60	58.70	2.70	49.81	0.00
73.60	32.40	28.10	28.20	26.60	59.00	2.70	50.07	0.00
73.70	32.60	28.30	28.30	26.70	58.90	3.00	50.05	0.00
73.80	32.60	28.30	28.30	26.70	59.50	3.00	50.06	0.00
73.90	32.40	28.20	28.30	26.70	59.50	2.80	49.98	0.00
74.00	32.40	28.20	28.20	26.70	59.30	2.70	49.99	0.00
74.10	32.40	28.20	28.20	26.70	59.60	3.00	50.01	0.00
74.20	32.70	28.20	28.30	26.70	59.60	3.00	49.98	0.00
74.30	32.50	28.20	28.20	26.70	59.50	2.70	49.94	0.00
74.40	32.50	28.20	28.20	26.70	59.90	2.80	49.95	0.00
74.50	32.50	28.20	28.20	26.70	60.40	3.00	49.80	0.00
74.60	32.50	28.20	28.20	26.70	60.20	2.70	49.83	0.00
74.70	32.40	28.20	28.20	26.60	60.20	3.00	49.74	0.00
74.80	32.50	28.10	28.30	26.70	60.40	2.70	49.72	0.00
74.90	32.50	28.10	28.30	26.70	60.60	3.10	49.56	0.00
75.00	32.50	28.20	28.30	26.60	60.40	3.00	49.42	0.00
75.10	32.50	28.10	28.30	26.70	60.90	3.00	49.36	0.00
75.20	32.50	28.10	28.30	26.70	60.70	3.10	49.31	0.00
75.30	32.40	28.30	28.30	26.70	61.00	2.80	49.36	0.00
75.40	32.40	28.20	28.40	26.70	61.00	2.80	49.62	0.00
75.50	32.40	28.20	28.40	26.70	61.00	2.40	50.15	0.00
75.60	32.50	28.10	28.30	26.60	61.50	3.10	50.27	0.00
75.70	32.30	28.10	28.20	26.50	61.50	2.70	50.49	0.00
75.80	32.30	28.10	28.20	26.50	61.60	2.50	50.46	0.00
75.90	32.40	28.10	28.20	26.70	61.20	2.50	50.26	0.00
76.00	32.50	28.20	28.20	26.50	61.90	2.40	50.11	0.00
76.10	32.50	28.20	28.20	26.50	61.90	2.70	50.05	0.00
76.20	32.40	28.30	28.30	26.60	61.90	2.70	49.93	0.00
76.30	32.50	28.20	28.30	26.80	61.90	2.70	49.95	0.00
76.40	32.50	28.20	28.30	26.80	62.40	3.10	49.79	0.00
76.50	32.50	28.10	28.30	26.80	62.30	2.70	49.61	0.00
76.60	32.40	28.30	28.30	26.70	62.40	2.80	49.74	0.00
76.70	32.40	28.30	28.30	26.70	62.60	2.80	49.88	0.00
76.80	32.40	28.20	28.20	26.60	62.70	2.80	50.12	0.00
76.90	32.40	28.10	28.20	26.60	62.90	2.80	49.93	0.00
77.00	32.40	28.10	28.20	26.60	62.90	3.10	50.07	0.00
77.10	32.50	28.20	28.30	26.60	63.00	2.70	50.04	0.00
77.20	32.40	28.20	28.20	26.60	63.00	2.70	50.06	0.00
77.30	32.40	28.20	28.20	26.60	62.70	2.50	50.01	0.00
77.40	32.40	28.20	28.30	26.60	63.30	1.70	49.89	0.00
77.50	32.40	28.20	28.30	26.60	63.30	2.80	49.79	0.00
77.60	32.40	28.20	28.30	26.60	63.30	3.30	49.85	0.00
77.70	32.40	28.10	28.10	26.70	63.60	3.30	49.81	0.00
77.80	32.40	28.10	28.10	26.70	63.80	3.00	49.81	0.00
77.90	32.40	28.20	28.20	26.60	63.60	3.30	49.83	0.00
78.00	32.40	28.20	28.20	26.60	63.60	3.10	49.73	0.00
78.10	32.40	28.10	28.20	26.60	63.80	3.00	49.61	0.00
78.20	32.30	28.20	28.20	26.60	63.80	3.00	49.61	0.00
78.30	32.30	28.20	28.20	26.60	63.80	2.70	49.72	0.00
78.40	32.40	28.20	28.20	26.60	64.30	2.80	49.74	0.00
78.50	32.40	28.20	28.30	26.70	64.40	2.80	49.68	0.00
78.60	32.40	28.20	28.30	26.70	64.70	3.00	49.70	0.00
78.70	32.40	28.20	28.20	26.50	64.40	2.80	49.74	0.00
78.80	32.50	28.20	28.30	26.50	64.60	2.70	49.72	0.00
78.90	32.50	28.20	28.30	26.50	64.70	2.50	49.88	0.00
79.00	32.30	28.10	28.30	26.60	64.60	3.30	49.96	0.00
79.10	32.50	28.20	28.30	26.60	64.90	2.50	50.02	0.00
79.20	32.50	28.20	28.30	26.60	64.90	2.50	50.04	0.00
79.30	32.40	28.10	28.20	26.60	64.70	3.00	49.91	0.00
79.40	32.40	28.10	28.20	26.60	65.20	2.50	49.92	0.00
79.50	32.40	28.20	28.20	26.60	65.20	3.00	49.93	0.00
79.60	32.40	28.10	28.30	26.60	65.30	2.50	49.86	0.00
79.70	32.40	28.10	28.30	26.60	65.30	2.80	50.21	0.00
79.80	32.30	28.10	28.20	26.60	65.50	3.00	50.04	0.00
79.90	32.40	28.30	28.30	26.60	65.90	1.10	49.93	0.00
80.00	32.40	28.30	28.30	26.60	65.50	2.70	49.75	0.00
80.10	32.50	28.20	28.40	26.60	65.50	2.70	49.93	0.00
80.20	32.40	28.20	28.20	26.60	66.10	2.40	50.06	0.00
80.30	32.40	28.20	28.20	26.60	66.40	2.80	50.07	0.00
80.40	32.30	28.10	28.30	26.50	65.90	2.80	50.01	0.00
80.50	32.40	28.10	28.30	26.70	66.70	2.70	50.00	0.00
80.60	32.40	28.10	28.30	26.70	66.30	2.80	49.98	0.00
80.70	32.50	28.30	28.30	26.70	66.40	3.10	49.91	0.00
80.80	32.40	28.20	28.20	26.60	66.70	3.10	49.92	0.00
80.90	32.40	28.20	28.20	26.60	67.00	2.70	49.88	0.00
81.00	32.50	28.20	28.30	26.60	66.90	2.70	49.95	0.00
81.10	32.50	28.20	28.30	26.60	66.90	2.70	50.17	0.00
81.20	32.40	28.10	28.20	26.60	67.30	3.00	50.02	0.00
81.30	32.40	28.10	28.30	26.50	67.80	3.00	49.85	0.00
81.40	32.40	28.10	28.30	26.50	67.30	2.70	49.89	0.00
81.50	32.40	28.10	28.20	26.70	67.20	3.00	49.96	0.00
81.60	32.40	28.20	28.20	26.70	67.90	3.00	50.08	0.00
81.70	32.40	28.20	28.20	26.70	67.60	2.50	50.15	0.00
81.80	32.40	28.20	28.20	26.60	68.10	3.10	50.06	0.00
81.90	32.30	28.20	28.30	26.60	67.80	2.40	49.88	0.00
82.00	32.30	28.20	28.30	26.60	67.80	2.70	49.68	0.00
82.10	32.30	28.20	28.20	26.70	67.80	2.70	49.83	0.00
82.20	32.30	28.20	28.20	26.70	67.90	3.00	50.10	0.00
82.30	32.30	28.20	28.20	26.50	68.10	2.50	50.04	0.00
82.40	32.40	28.20	28.30	26.70	68.30	3.30	49.98	0.00
82.50	32.40	28.20	28.30	26.70	68.40	2.80	49.94	0.00
82.60	32.40	28.10	28.30	26.60	68.60	3.00	50.04	0.00
82.70	32.30	28.20	28.20	26.60	69.20	2.80	49.87	0.00
82.80	32.30	28.20	28.20	26.60	69.00	2.70	49.99	0.00
82.90	32.40	28.10	28.20	26.50	68.90	3.10	50.00	0.00
83.00	32.40	28.10	28.20	26.50	68.90	3.10	49.96	0.00
83.10	32.40	28.20	28.20	26.60	69.00	2.40	50.13	0.00
83.20	32.40	28.10	28.20	26.50	69.30	2.80	49.94	0.00
83.30	32.40	28.10	28.20	26.50	69.60	2.70	50.05	0.00
83.40	32.50	28.30	28.40	26.70	69.80	2.50	49.89	0.00
83.50	32.50	28.20	28.40	26.70	69.50	2.70	50.07	0.00
83.60	32.50	28.20	28.40	26.70	69.80	2.80	50.05	0.00
83.70	32.40	28.10	28.30	26.60	69.60	3.10	49.92	0.00
83.80	32.40	28.10	28.30	26.60	70.10	3.30	49.96	0.00
83.90	32.40	28.10	28.30	26.60	70.10	3.30	50.06	0.00
84.00	32.20	28.20	28.20	26.70	69.80	3.00	49.92	0.00
84.10	32.30	28.10	28.20	26.70	70.30	3.10	49.78	0.00
84.20	32.30	28.10	28.20	26.70	70.30	2.50	49.89	0.00
84.30	32.30	28.20	28.20	26.50	70.10	3.00	49.96	0.00
84.40	32.40	28.20	28.30	26.70	70.30	3.00	49.95	0.00
84.50	32.40	28.20	28.30	26.70	70.30	2.80	49.96	0.00
84.60	32.40	28.20	28.40	26.70	70.90	2.40	49.96	0.00
84.70	32.40	28.00	28.30	26.50	71.00	3.10	49.93	0.00
84.80	32.40	28.00	28.30	26.50	71.00	3.10	49.70	0.00
84.90	32.40	28.20	28.40	26.60	71.00	3.00	49.65	0.00
85.00	32.30	28.10	28.20	26.60	70.60	3.30	50.14	0.00
85.10	32.30	28.10	28.20	26.60	71.20	2.50	49.82	0.00
85.20	32.40	28.20	28.30	26.60	71.60	2.70	49.78	0.00
85.30	32.40	28.10	28.30	26.70	71.50	3.00	49.79	0.00
85.40	32.40	28.10	28.30	26.70	71.80	3.10	50.21	0.00
85.50	32.30	28.20	28.20	26.60	71.50	2.80	50.14	0.00
85.60	32.30	28.10	28.20	26.50	72.30	2.80	50.04	0.00
85.70	32.30	28.10	28.20	26.50	72.30	2.80	50.12	0.00
85.80	32.40	28.20	28.30	26.70	72.10	2.20	50.20	0.00
85.90	32.30	28.30	28.30	26.70	72.30	2.80	49.95	0.00
86.00	32.30	28.30	28.30	26.70	72.10	3.00	50.04	0.00
86.10	32.20	28.10	28.30	26.60	72.30	2.80	50.04	0.00
86.20	32.40	28.20	28.20	26.70	72.70	2.70	49.89	0.00
86.30	32.40	28.20	28.20	26.70	72.40	2.20	49.88	0.00
86.40	32.30	28.10	28.30	26.60	72.40	2.50	50.06	0.00
86.50	32.20	28.10	28.30	26.60	72.90	2.70	49.94	0.00
86.60	32.20	28.10	28.30	26.60	72.90	2.70	49.76	0.00
86.70	32.30	28.20	28.30	26.60	72.70	2.80	49.83	0.00
86.80	32.30	28.20	28.30	26.60	73.50	3.10	50.00	0.00
86.90	32.40	28.20	28.40	26.70	73.60	2.70	50.01	0.00
87.00	32.40	28.20	28.20	26.60	73.20	2.80	50.00	0.00
87.10	32.40	28.20	28.20	26.60	73.50	2.50	49.76	0.00
87.20	32.30	28.10	28.20	26.60	73.20	2.80	49.86	0.00
87.30	32.40	28.40	28.40	26.70	73.60	3.00	49.93	0.00
87.40	32.40	28.40	28.40	26.70	74.10	2.80	49.88	0.00
87.50	32.30	28.20	28.20	26.60	74.10	2.80	49.93	0.00
87.60	32.30	28.10	28.30	26.50	74.10	3.60	50.01	0.00
87.70	32.30	28.20	28.30	26.60	74.00	2.70	49.99	0.00
87.80	32.30	28.20	28.30	26.60	74.10	3.30	49.94	0.00
87.90	32.50	28.10	28.30	26.60	74.40	2.70	49.78	0.00
88.00	32.50	28.10	28.30	26.60	74.70	2.80	49.74	0.00
88.10	32.30	28.10	28.20	26.50	74.30	2.70	49.86	0.00
88.20	32.40	28.20	28.30	26.70	74.40	2.70	49.74	0.00
88.30	32.40	28.20	28.30	26.70	74.10	3.10	49.99	0.00
88.40	32.30	28.20	28.20	26.40	75.00	2.80	49.92	0.00
88.50	32.30	28.10	28.30	26.60	75.00	2.80	49.85	0.00
88.60	32.30	28.10	28.30	26.60	74.90	3.00	49.92	0.00
88.70	32.30	28.20	28.20	26.60	74.90	2.40	50.02	0.00
88.80	32.20	28.10	28.20	26.60	75.30	2.80	49.94	0.00
88.90	32.20	28.10	28.20	26.60	75.30	3.10	49.95	0.00
89.00	32.20	28.20	28.20	26.60	75.30	2.50	49.96	0.00
89.10	32.40	28.20	28.30	26.60	75.30	2.70	49.99	0.00
89.20	32.40	28.20	28.30	26.60	75.30	2.70	50.17	0.00
89.30	32.30	28.20	28.20	26.50	75.30	2.20	49.92	0.00
89.40	32.30	28.20	28.30	26.60	75.30	2.20	49.95	0.00
89.50	32.30	28.20	28.30	26.60	76.00	2.40	49.48	0.00
89.60	32.30	28.10	28.20	26.60	76.00	2.40	49.86	0.00
89.70	32.30	28.10	28.20	26.60	76.10	2.80	49.88	0.00
89.80	32.20	28.20	28.30	26.70	76.60	3.30	49.62	0.00
89.90	32.20	28.00	28.20	26.50	76.40	2.80	49.94	0.00
90.00	32.20	28.00	28.30	26.60	76.30	2.80	50.11	0.00
90.10	32.20	28.00	28.30	26.60	76.60	3.00	49.92	0.00
90.20	32.20	28.10	28.10	26.50	76.40	2.50	49.98	0.00
90.30	32.20	28.10	28.10	26.50	76.40	2.50	49.99	0.00
90.40	32.20	28.10	28.20	26.60	77.20	2.80	49.82	0.00
90.50	32.20	28.10	28.20	26.60	77.20	3.00	49.95	0.00
90.60	32.20	28.10	28.20	26.60	77.00	2.50	49.42	0.00
90.70	32.40	28.20	28.40	26.80	77.30	3.10	49.65	0.00
90.80	32.30	28.10	28.30	26.70	77.00	2.80	49.68	0.00
90.90	32.30	28.10	28.30	26.70	77.60	3.10	49.80	0.00
91.00	32.30	28.20	28.30	26.70	77.20	3.10	49.88	0.00
91.10	32.20	28.10	28.20	26.60	77.80	3.00	49.61	0.00
91.20	32.20	28.10	28.20	26.60	77.80	3.00	49.11	0.00
91.30	32.30	28.20	28.20	26.50	77.50	2.80	49.25	0.00
91.40	32.20	28.10	28.30	26.60	77.80	3.00	49.21	0.00
91.50	32.20	28.10	28.30	26.60	78.90	2.70	49.12	0.00
91.60	32.20	28.10	28.30	26.60	79.20	2.70	49.16	0.00
91.70	32.30	28.20	28.30	26.70	78.10	2.80	49.09	0.00
91.80	32.30	28.20	28.30	26.70	78.60	2.70	50.50	0.00
91.90	32.20	28.10	28.30	26.60	78.40	3.00	49.83	0.00
92.00	32.20	28.10	28.30	26.50	78.70	3.30	49.60	0.00
92.10	32.20	28.10	28.30	26.50	78.70	3.30	49.36	0.00
92.20	32.30	28.30	28.30	26.70	78.60	3.00	50.06	0.00
92.30	32.30	28.30	28.40	26.70	79.00	3.40	49.47	0.00
92.40	32.30	28.30	28.40	26.70	79.00	2.70	48.93	0.00
92.50	32.30	28.10	28.30	26.60	78.90	2.80	48.53	0.00
92.60	32.20	28.00	28.20	26.70	79.30	2.80	49.29	0.00
92.70	32.20	28.00	28.20	26.70	79.50	3.30	49.61	0.00
92.80	32.10	28.20	28.20	26.60	79.20	3.00	49.99	0.00
92.90	32.30	28.20	28.30	26.60	79.20	3.00	48.91	0.00
93.00	32.30	28.20	28.30	26.60	79.20	3.00	48.21	0.00
93.10	32.30	28.20	28.30	26.70	80.00	2.80	48.51	0.00
93.20	32.40	28.20	28.20	26.60	80.10	3.10	47.60	0.00
93.30	32.40	28.20	28.20	26.60	79.60	2.80	47.49	0.00
93.40	32.20	28.10	28.30	26.60	79.80	3.10	47.24	0.00
93.50	32.20	28.10	28.30	26.60	80.10	2.80	46.46	0.00
93.60	32.30	28.20	28.20	26.70	80.00	3.00	45.44	0.00
93.70	32.20	28.20	28.30	26.70	80.40	3.00	44.59	0.00
93.80	32.20	28.20	28.30	26.70	80.10	2.20	43.89	0.00
93.90	32.20	28.20	28.30	26.60	80.30	3.30	43.01	0.00
94.00	32.30	28.20	28.30	26.80	80.30	3.30	42.00	0.00
94.10	32.30	28.20	28.30	26.80	80.70	3.10	40.85	0.00
94.20	32.20	28.10	28.30	26.70	80.40	3.30	10.27	0.00
94.30	32.30	28.00	28.20	26.70	80.60	2.50	6.83	0.00
94.40	32.30	28.00	28.20	26.70	80.40	2.70	4.70	0.00
94.50	32.20	28.10	28.20	26.60	80.40	2.80	3.45	0.00
94.60	32.10	28.10	28.40	26.70	80.30	3.60	2.60	0.00
94.70	32.10	28.10	28.40	26.70	80.60	2.80	1.98	0.00
94.80	31.90	28.10	28.20	26.60	80.30	2.70	1.62	0.00
94.90	31.90	28.20	28.30	26.60	80.30	2.70	1.34	0.00
95.00	31.90	28.20	28.30	26.60	80.00	3.00	1.14	0.00
95.10	31.80	28.20	28.20	26.60	80.30	2.70	0.95	0.00
95.20	31.80	28.20	28.20	26.60	80.40	3.00	0.85	0.00
95.30	31.80	28.20	28.20	26.60	80.30	2.80	0.78	0.00
95.40	31.60	28.10	28.30	26.60	80.40	2.80	0.66	0.00
95.50	31.60	28.10	28.30	26.60	80.10	2.70	0.59	0.00
95.60	31.60	28.00	28.20	26.60	80.40	3.00	0.54	0.00
95.70	31.70	28.20	28.30	26.70	80.30	2.70	0.50	0.00
95.80	31.70	28.20	28.30	26.70	79.80	3.00	0.50	0.00
95.90	31.60	28.20	28.30	26.70	79.80	3.00	0.43	0.00
96.00	31.50	28.20	28.30	26.80	80.30	3.30	0.40	0.00
96.10	31.50	28.20	28.30	26.80	80.10	3.00	0.38	0.00
96.20	31.50	28.20	28.40	26.60	80.10	3.10	0.36	0.00
96.30	31.50	28.20	28.20	26.70	80.70	3.00	0.33	0.00
96.40	31.50	28.20	28.20	26.70	80.30	2.70	0.33	0.00
96.50	31.40	28.00	28.20	26.50	80.00	3.40	0.31	0.00
96.60	31.30	28.10	28.20	26.60	79.80	2.80	0.28	0.00
96.70	31.30	28.10	28.20	26.60	80.00	2.80	0.28	0.00
96.80	31.40	28.20	28.40	26.70	80.00	2.80	0.31	0.00
96.90	31.40	28.20	28.30	26.60	80.30	2.80	0.28	0.00
97.00	31.40	28.20	28.30	26.60	80.10	2.80	0.26	0.00
97.10	31.20	28.20	28.30	26.60	79.30	3.00	0.21	0.00
97.20	31.30	28.10	28.20	26.60	80.00	3.00	0.12	0.00
97.30	31.30	28.10	28.20	26.60	80.30	2.80	0.26	0.00
97.40	31.10	28.20	28.30	26.60	80.00	3.00	0.19	0.00
97.50	31.30	28.20	28.30	26.60	80.60	2.70	0.12	0.00
97.60	31.30	28.20	28.30	26.60	79.60	2.70	0.17	0.00
97.70	31.20	28.10	28.30	26.60	79.60	2.70	0.17	0.00
97.80	31.10	28.10	28.20	26.60	80.00	2.70	0.09	0.00
97.90	31.10	28.10	28.20	26.60	80.60	2.70	0.17	0.00
98.00	31.00	28.20	28.30	26.60	79.80	2.50	-0.05	0.00
98.10	30.90	28.00	28.20	26.60	79.80	2.80	-0.02	0.00
98.20	30.90	28.00	28.20	26.60	80.00	2.40	-0.05	0.00
98.30	31.10	28.20	28.20	26.60	80.40	3.00	-0.05	0.00
98.40	31.00	28.10	28.20	26.60	79.60	3.90	-0.09	0.00
98.50	31.00	28.10	28.20	26.60	80.00	3.10	-0.07	0.00
98.60	31.00	28.20	28.30	26.70	80.00	2.80	-0.09	0.00
98.70	30.90	28.10	28.30	26.60	80.10	2.70	-0.05	0.00
98.80	30.90	28.10	28.30	26.60	80.10	2.70	-0.07	0.00
98.90	30.80	28.10	28.20	26.60	80.30	2.80	-0.07	0.00
99.00	30.90	28.10	28.30	26.70	79.80	3.40	0.00	0.00
99.10	30.90	28.10	28.30	26.70	79.30	2.80	0.00	0.00
99.20	31.00	28.30	28.30	26.60	79.60	2.70	0.00	0.00
99.30	30.80	28.10	28.20	26.60	80.10	2.40	0.00	0.00
99.40	30.80	28.10	28.20	26.60	80.00	3.30	0.00	0.00
99.50	30.80	28.30	28.40	26.70	79.80	2.80	0.00	0.00
99.60	30.80	28.30	28.40	26.70	80.00	2.80	0.00	0.00
99.70	30.80	28.20	28.30	26.70	79.60	2.70	0.00	0.00
99.80	30.90	28.20	28.30	26.60	80.00	2.40	0.00	0.00
99.90	30.90	28.20	28.30	26.60	80.00	2.50	0.00	0.00
100.00	30.80	28.20	28.30	26.60	80.00	2.40	0.00	0.00
100.10	30.70	28.10	28.20	26.60	80.00	3.10	0.00	0.00
100.20	30.70	28.10	28.20	26.60	80.10	2.80	0.00	0.00
100.30	31.00	28.20	28.20	26.70	79.50	2.70	0.00	0.00
100.40	30.80	28.10	28.30	26.70	80.30	2.50	0.00	0.00
100.50	30.80	28.10	28.30	26.70	80.40	2.80	0.00	0.00
100.60	30.80	28.10	28.20	26.60	80.40	2.80	0.00	0.00
100.70	30.80	28.10	28.20	26.60	79.60	3.00	0.00	0.00
100.80	30.80	28.10	28.30	26.60	79.80	2.80	0.00	0.00
100.90	30.70	28.20	28.10	26.60	80.10	2.50	0.00	0.00
101.00	30.70	28.20	28.10	26.60	79.60	2.80	0.00	0.00
101.10	30.90	28.20	28.30	26.70	79.80	4.20	0.00	0.00
101.20	30.90	28.20	28.30	26.70	79.80	2.80	0.00	0.00
101.30	30.70	28.10	28.30	26.70	79.50	2.70	0.00	0.00
101.40	30.70	28.30	28.40	26.80	80.00	3.10	0.00	0.00
101.50	30.70	28.30	28.40	26.80	80.00	3.10	0.00	0.00
101.60	30.60	28.20	28.30	26.60	80.00	2.80	0.00	0.00
101.70	30.60	28.20	28.20	26.70	80.00	2.80	0.00	0.00
101.80	30.60	28.20	28.20	26.70	80.10	2.50	0.00	0.00
101.90	30.60	28.10	28.30	26.60	80.10	2.80	0.00	0.00
102.00	30.70	28.10	28.20	26.60	80.10	3.00	0.00	0.00
102.10	30.70	28.10	28.20	26.60	80.10	3.10	0.00	0.00
102.20	30.70	28.10	28.40	26.70	80.30	2.80	0.00	0.00
102.30	30.60	28.30	28.30	26.70	79.80	2.50	0.00	0.00
102.40	30.60	28.30	28.30	26.70	80.00	2.50	0.00	0.00
102.50	30.70	28.10	28.20	26.60	80.00	2.50	0.00	0.00
102.60	30.70	28.10	28.20	26.60	80.30	2.50	0.00	0.00
102.70	30.60	28.20	28.30	26.60	79.50	2.80	0.00	0.00
102.80	30.60	28.20	28.20	26.60	80.00	3.30	0.00	0.00
102.90	30.60	28.20	28.20	26.60	80.00	3.00	0.00	0.00
103.00	30.60	28.20	28.30	26.70	80.10	3.00	0.00	0.00
103.10	30.60	28.20	28.30	26.80	79.60	2.80	0.00	0.00
103.20	30.60	28.20	28.30	26.80	79.60	2.50	0.00	0.00
103.30	30.40	28.10	28.30	26.60	79.80	2.70	0.00	0.00
103.40	30.50	28.20	28.30	26.60	79.80	3.30	0.00	0.00
103.50	30.50	28.20	28.30	26.60	79.80	3.30	0.00	0.00
103.60	30.50	28.10	28.30	26.70	80.10	3.00	0.00	0.00
103.70	30.50	28.10	28.30	26.70	79.60	2.80	0.00	0.00
103.80	30.50	28.30	28.30	26.70	80.10	2.70	0.00	0.00
103.90	30.50	28.30	28.40	26.80	79.60	2.80	0.00	0.00
104.00	30.50	28.30	28.40	26.80	79.60	2.80	0.00	0.00
104.10	30.40	28.10	28.30	26.60	80.00	3.00	0.00	0.00
104.20	30.50	28.20	28.20	26.60	79.60	3.00	0.00	0.00
104.30	30.50	28.20	28.20	26.60	80.00	3.00	0.00	0.00
104.40	30.40	28.30	28.40	26.70	80.00	3.00	0.00	0.00
104.50	30.50	28.20	28.30	26.70	79.50	2.80	0.00	0.00
104.60	30.50	28.20	28.30	26.70	80.30	2.50	0.00	0.00
104.70	30.30	28.10	28.30	26.60	80.40	3.10	0.00	0.00
104.80	30.40	28.10	28.30	26.70	79.60	2.50	0.00	0.00
104.90	30.40	28.10	28.30	26.70	79.80	3.00	0.00	0.00
105.00	30.40	28.10	28.30	26.60	79.80	2.80	0.00	0.00
105.10	30.30	28.10	28.30	26.60	79.80	3.00	0.00	0.00
105.20	30.30	28.10	28.30	26.60	79.60	2.70	0.00	0.00
105.30	30.40	28.10	28.20	26.70	79.60	2.70	0.00	0.00
105.40	30.40	28.10	28.20	26.70	80.30	2.80	0.00	0.00
105.50	30.30	28.10	28.20	26.60	80.00	2.70	0.00	0.00
105.60	30.40	28.10	28.30	26.70	79.80	2.70	0.00	0.00
105.70	30.40	28.10	28.30	26.70	79.60	3.10	0.00	0.00
105.80	30.40	28.10	28.20	26.50	79.60	3.30	0.00	0.00
105.90	30.30	28.10	28.30	26.70	80.00	2.80	0.00	0.00
106.00	30.30	28.10	28.30	26.70	80.00	3.00	0.00	0.00
106.10	30.50	28.20	28.40	26.70	79.50	2.80	0.00	0.00
106.20	30.50	28.20	28.40	26.70	79.30	3.10	0.00	0.00
106.30	30.20	28.10	28.10	26.70	79.30	3.10	0.00	0.00
106.40	30.30	28.10	28.30	26.60	79.60	3.10	0.00	0.00
106.50	30.30	28.10	28.30	26.60	80.10	3.10	0.00	0.00
106.60	30.20	28.10	28.20	26.60	80.10	2.50	0.00	0.00
106.70	30.30	28.10	28.30	26.60	80.10	2.50	0.00	0.00
106.80	30.30	28.10	28.30	26.60	80.10	3.00	0.00	0.00
106.90	30.30	28.00	28.20	26.50	79.50	3.10	0.00	0.00
107.00	30.30	28.10	28.40	26.70	80.00	2.80	0.00	0.00
107.10	30.30	28.10	28.40	26.70	80.00	2.40	0.00	0.00
107.20	30.30	28.10	28.20	26.60	80.00	2.40	0.00	0.00
107.30	30.20	28.10	28.30	26.60	80.00	2.40	0.00	0.00
107.40	30.20	28.10	28.30	26.60	79.80	2.80	0.00	0.00
107.50	30.10	28.10	28.40	26.60	80.30	2.80	0.00	0.00
107.60	30.10	28.10	28.40	26.60	80.00	2.70	0.00	0.00
107.70	30.10	28.10	28.30	26.60	80.30	2.50	0.00	0.00
107.80	30.30	28.20	28.30	26.60	78.30	2.80	0.00	0.00
107.90	30.30	28.10	28.40	26.70	79.80	3.10	0.00	0.00
108.00	30.30	28.10	28.40	26.70	80.30	2.80	0.00	0.00
108.10	30.30	28.10	28.20	26.60	80.00	3.00	0.00	0.00
108.20	30.30	28.10	28.20	26.60	80.00	3.00	0.00	0.00
108.30	30.30	28.20	28.30	26.60	80.00	3.00	0.00	0.00
108.40	30.10	28.10	28.20	26.70	80.00	2.80	0.00	0.00
108.50	30.10	28.10	28.20	26.70	80.00	2.20	0.00	0.00
108.60	30.10	28.10	28.20	26.60	79.80	2.80	0.00	0.00
108.70	30.10	28.10	28.20	26.60	79.60	2.80	0.00	0.00
108.80	30.10	28.10	28.20	26.60	79.50	3.00	0.00	0.00
108.90	30.00	28.00	28.10	26.60	80.00	3.00	0.00	0.00
109.00	30.10	28.10	28.30	26.60	79.80	3.00	0.00	0.00
109.10	30.10	28.10	28.30	26.60	80.00	2.50	0.00	0.00
109.20	30.10	28.20	28.30	26.70	80.00	2.50	0.00	0.00
109.30	29.90	28.20	28.20	26.50	80.00	2.80	0.00	0.00
109.40	29.90	28.20	28.20	26.50	79.50	2.70	0.00	0.00
109.50	30.10	28.10	28.20	26.70	79.80	3.10	0.00	0.00
109.60	30.10	28.10	28.30	26.60	80.00	2.80	0.00	0.00
109.70	30.10	28.10	28.30	26.60	79.60	3.10	0.00	0.00
109.80	30.20	28.10	28.20	26.60	79.60	3.00	0.00	0.00
109.90	30.10	28.20	28.20	26.60	79.80	2.80	0.00	0.00
110.00	30.10	28.20	28.20	26.60	80.00	2.80	0.00	0.00
110.10	30.20	28.10	28.20	26.70	80.00	2.80	0.00	0.00
110.20	30.10	28.10	28.20	26.70	79.50	2.80	0.00	0.00
110.30	30.10	28.10	28.20	26.70	79.60	2.70	0.00	0.00
110.40	30.00	28.20	28.30	26.60	80.10	2.70	0.00	0.00
110.50	30.10	28.10	28.20	26.50	79.80	3.00	0.00	0.00
110.60	30.10	28.10	28.20	26.50	80.00	2.70	0.00	0.00
110.70	30.00	28.10	28.20	26.70	78.60	3.00	0.00	0.00
110.80	30.10	28.10	28.30	26.70	79.80	2.80	0.00	0.00
110.90	30.10	28.10	28.30	26.70	79.60	2.50	0.00	0.00
111.00	30.20	28.20	28.30	26.70	79.60	2.50	0.00	0.00
111.10	30.10	28.10	28.30	26.70	79.60	3.00	0.00	0.00
111.20	30.10	28.10	28.30	26.70	79.60	2.80	0.00	0.00
111.30	30.10	28.20	28.30	26.60	80.10	2.70	0.00	0.00
111.40	30.20	28.20	28.30	26.70	79.80	3.00	0.00	0.00
111.50	30.20	28.20	28.30	26.70	79.60	2.50	0.00	0.00
111.60	29.90	28.10	28.40	26.70	79.60	3.00	0.00	0.00
111.70	30.10	28.10	28.20	26.60	80.00	3.00	0.00	0.00
111.80	30.10	28.10	28.20	26.60	79.60	3.00	0.00	0.00
111.90	29.90	28.20	28.30	26.60	79.60	3.00	0.00	0.00
112.00	29.90	28.20	28.30	26.60	80.30	2.70	0.00	0.00
112.10	30.00	28.10	28.20	26.60	79.80	3.10	0.00	0.00
112.20	30.10	28.20	28.30	26.70	79.80	2.70	0.00	0.00
112.30	30.10	28.20	28.30	26.70	79.60	2.70	0.00	0.00
112.40	30.00	28.10	28.20	26.50	80.00	2.70	0.00	0.00
112.50	29.90	28.10	28.20	26.60	79.80	3.00	0.00	0.00
112.60	29.90	28.10	28.20	26.60	79.80	2.80	0.00	0.00
112.70	29.90	28.10	28.20	26.60	79.30	2.70	0.00	0.00
112.80	29.90	28.20	28.30	26.70	79.30	2.70	0.00	0.00
112.90	29.90	28.20	28.30	26.70	79.80	2.80	0.00	0.00
113.00	30.00	28.20	28.40	26.60	79.50	2.40	0.00	0.00
113.10	30.00	28.20	28.40	26.60	80.30	2.80	0.00	0.00
113.20	29.90	28.10	28.30	26.60	79.80	2.80	0.00	0.00
113.30	30.00	28.20	28.30	26.80	79.80	3.00	0.00	0.00
113.40	30.00	28.20	28.30	26.80	79.80	3.00	0.00	0.00
113.50	30.10	28.20	28.30	26.70	79.60	3.00	0.00	0.00
113.60	29.90	28.20	28.30	26.70	80.30	2.80	0.00	0.00
113.70	30.00	28.10	28.20	26.70	80.30	2.80	0.00	0.00
113.80	30.00	28.10	28.20	26.70	79.50	2.80	0.00	0.00
113.90	29.90	28.10	28.20	26.50	80.00	2.80	0.00	0.00
114.00	29.90	28.10	28.20	26.50	79.80	3.10	0.00	0.00
114.10	30.00	28.20	28.40	26.80	80.00	3.00	0.00	0.00
114.20	30.10	28.20	28.30	26.70	79.60	2.70	0.00	0.00
114.30	30.10	28.20	28.30	26.70	79.80	3.10	0.00	0.00
114.40	29.90	28.10	28.20	26.60	79.60	3.00	0.00	0.00
114.50	30.00	28.30	28.40	26.70	79.30	2.80	0.00	0.00
114.60	30.00	28.30	28.40	26.70	80.00	2.80	0.00	0.00
114.70	30.00	28.10	28.30	26.60	80.00	2.80	0.00	0.00
114.80	30.00	28.10	28.30	26.60	80.10	2.80	0.00	0.00
114.90	29.80	28.10	28.20	26.60	80.00	2.80	0.00	0.00
115.00	29.90	28.30	28.20	26.80	79.60	3.10	0.00	0.00
115.10	29.90	28.30	28.20	26.80	77.80	2.80	0.00	0.00
115.20	30.00	28.20	28.30	26.60	80.00	2.80	0.00	0.00
115.30	29.90	28.10	28.30	26.70	79.60	2.80	0.00	0.00
115.40	29.90	28.10	28.30	26.70	80.00	3.00	0.00	0.00
115.50	30.00	28.20	28.30	26.70	79.80	3.10	0.00	0.00
115.60	30.00	28.20	28.30	26.70	79.80	3.10	0.00	0.00
115.70	29.90	28.10	28.30	26.70	79.60	2.70	0.00	0.00
115.80	29.90	28.20	28.20	26.70	79.60	2.80	0.00	0.00
115.90	29.90	28.20	28.20	26.70	80.10	3.00	0.00	0.00
116.00	29.80	28.20	28.20	26.60	79.30	3.00	0.00	0.00
116.10	29.90	28.20	28.30	26.80	79.80	2.50	0.00	0.00
116.20	29.90	28.20	28.30	26.80	80.30	3.00	0.00	0.00
116.30	29.90	28.20	28.30	26.70	79.50	2.80	0.00	0.00
116.40	29.70	28.10	28.30	26.70	79.80	3.10	0.00	0.00
116.50	29.70	28.10	28.30	26.70	79.50	4.00	0.00	0.00
116.60	29.90	28.20	28.30	26.70	79.50	4.00	0.00	0.00
116.70	30.00	28.30	28.40	26.80	79.80	2.70	0.00	0.00
116.80	30.00	28.30	28.40	26.80	80.10	2.50	0.00	0.00
116.90	29.90	28.10	28.30	26.60	80.00	3.10	0.00	0.00
117.00	29.90	28.10	28.30	26.60	79.80	3.00	0.00	0.00
117.10	29.90	28.10	28.30	26.60	79.80	2.50	0.00	0.00
117.20	29.80	28.30	28.30	26.70	79.30	2.70	0.00	0.00
117.30	29.80	28.30	28.30	26.70	79.60	2.80	0.00	0.00
117.40	29.70	28.10	28.30	26.60	80.10	2.70	0.00	0.00
117.50	29.80	28.20	28.30	26.70	80.10	2.70	0.00	0.00
117.60	29.80	28.20	28.30	26.70	79.50	2.70	0.00	0.00
117.70	29.80	28.20	28.30	26.60	79.30	2.70	0.00	0.00
117.80	29.80	28.20	28.30	26.60	79.80	3.10	0.00	0.00
117.90	29.90	28.20	28.30	26.70	80.30	2.80	0.00	0.00
118.00	29.80	28.20	28.20	26.70	80.10	3.00	0.00	0.00
118.10	29.80	28.20	28.20	26.70	80.00	3.10	0.00	0.00
118.20	29.80	28.20	28.30	26.60	79.80	2.80	0.00	0.00
118.30	29.80	28.40	28.40	26.70	79.50	2.70	0.00	0.00
118.40	29.80	28.40	28.40	26.70	79.60	2.80	0.00	0.00
118.50	29.80	28.30	28.30	26.60	79.60	2.80	0.00	0.00
118.60	29.80	28.30	28.30	26.60	79.50	2.70	0.00	0.00
118.70	29.80	28.20	28.30	26.60	79.60	3.00	0.00	0.00
118.80	29.80	28.20	28.20	26.60	80.00	2.20	0.00	0.00
118.90	29.80	28.20	28.20	26.60	79.60	2.70	0.00	0.00
119.00	29.80	28.10	28.30	26.60	80.10	2.50	0.00	0.00
119.10	29.70	28.20	28.30	26.60	80.30	2.40	0.00	0.00
119.20	29.70	28.20	28.30	26.60	80.00	3.00	0.00	0.00
119.30	29.70	28.10	28.30	26.60	80.30	2.70	0.00	0.00
119.40	29.60	28.10	28.30	26.60	80.30	2.70	0.00	0.00
119.50	29.60	28.10	28.30	26.60	80.00	3.40	0.00	0.00
119.60	29.70	28.20	28.20	26.60	79.80	2.80	0.00	0.00
119.70	29.60	28.10	28.20	26.60	79.60	3.30	0.00	0.00
119.80	29.60	28.10	28.20	26.60	79.60	2.70	0.00	0.00
119.90	29.80	28.20	28.40	26.70	79.60	2.80	0.00	0.00
120.00	29.70	28.20	28.20	26.60	79.80	2.80	0.00	0.00

