Ambient Temperature(C): 23.9
Ambient Pressure(in Hg): 29.9
Time(s)	T1(Deg C)	Wall Temp(Deg C)	Top Plate(Deg C)	Bottom Plate(Deg C)	P1(PSI)	P2(PSI)	Mass Flowrate(g/min)	Heater Energy (kJ)

0.00	33.40	32.50	29.70	27.20	1.60	2.20	0.17	0.00
0.10	33.70	32.70	29.80	27.40	1.70	2.20	0.14	0.00
0.20	33.70	32.70	29.80	27.40	1.90	1.70	0.12	0.00
0.30	33.50	32.50	29.70	27.30	2.00	2.40	0.14	0.00
0.40	33.50	32.50	29.70	27.30	1.90	2.50	0.14	0.00
0.50	33.50	32.60	29.70	27.30	1.90	2.50	0.14	0.00
0.60	33.60	32.50	29.80	27.40	2.00	1.90	0.12	0.00
0.70	33.60	32.50	29.80	27.40	2.00	2.20	0.09	0.00
0.80	33.40	32.50	29.70	27.30	2.00	2.20	0.17	0.00
0.90	33.60	32.70	29.80	27.40	1.90	2.20	0.12	0.00
1.00	33.60	32.70	29.80	27.40	1.90	1.90	0.12	0.00
1.10	33.40	32.40	29.70	27.20	1.70	2.40	0.12	0.00
1.20	33.40	32.40	29.70	27.20	1.70	2.20	0.12	0.00
1.30	33.40	32.40	29.70	27.20	1.40	2.50	0.12	0.00
1.40	33.50	32.50	29.70	27.30	1.40	2.50	0.17	0.00
1.50	33.50	32.50	29.70	27.30	1.70	2.00	0.14	0.00
1.60	33.50	32.50	29.70	27.30	1.70	2.20	0.12	0.00
1.70	33.50	32.50	29.70	27.30	1.60	2.00	0.12	0.00
1.80	33.60	32.50	29.80	27.40	1.70	2.40	0.12	0.00
1.90	33.50	32.50	29.70	27.30	1.60	2.70	0.19	0.00
2.00	33.50	32.50	29.70	27.30	1.90	1.70	0.14	0.00
2.10	33.60	32.60	29.80	27.50	2.20	2.40	0.09	0.00
2.20	33.50	32.60	29.80	27.40	1.70	2.70	0.09	0.00
2.30	33.50	32.60	29.80	27.40	1.40	2.40	0.14	0.00
2.40	33.60	32.50	29.80	27.40	1.40	2.40	0.12	0.00
2.50	33.60	32.50	29.80	27.40	1.60	2.50	0.09	0.00
2.60	33.40	32.60	29.70	27.40	1.70	1.90	0.09	0.00
2.70	33.40	32.60	29.70	27.40	1.90	0.00	0.12	0.00
2.80	33.60	32.50	29.80	27.40	1.70	2.40	0.12	0.00
2.90	33.50	32.60	29.70	27.30	1.60	2.40	0.17	0.00
3.00	33.50	32.60	29.70	27.30	2.00	2.20	0.14	0.00
3.10	33.60	32.60	29.80	27.40	1.70	2.40	0.12	0.00
3.20	33.50	32.40	29.60	27.30	1.70	2.20	0.14	0.00
3.30	33.50	32.40	29.60	27.30	1.70	2.50	0.12	0.00
3.40	33.40	32.50	29.70	27.40	2.00	2.20	0.12	0.00
3.50	33.40	32.60	29.70	27.30	2.00	1.90	0.14	0.00
3.60	33.40	32.60	29.70	27.30	1.90	2.20	0.14	0.00
3.70	33.60	32.50	29.80	27.40	2.20	2.00	0.12	0.00
3.80	33.60	32.50	29.80	27.40	1.70	2.00	0.12	0.00
3.90	33.50	32.50	29.70	27.40	1.60	1.90	0.14	0.00
4.00	33.50	32.60	29.80	27.30	1.90	2.40	0.12	0.00
4.10	33.50	32.60	29.80	27.30	1.70	2.50	0.14	0.00
4.20	33.70	32.60	29.80	27.20	1.70	2.50	0.07	0.00
4.30	33.60	32.60	29.70	27.40	1.60	1.90	0.09	0.00
4.40	33.60	32.60	29.70	27.40	1.70	2.40	0.12	0.00
4.50	33.60	32.60	29.80	27.40	1.90	1.90	0.05	0.00
4.60	33.50	32.50	29.70	27.30	2.00	2.00	0.07	0.00
4.70	33.50	32.50	29.70	27.30	1.70	2.50	0.07	0.00
4.80	33.60	32.50	29.80	27.40	1.90	2.50	0.12	0.00
4.90	33.50	32.40	29.70	27.30	1.60	2.20	0.09	0.00
5.00	33.50	32.40	29.70	27.30	2.80	1.70	0.07	0.00
5.10	33.60	32.60	29.80	27.30	1.60	2.20	0.12	0.00
5.20	33.60	32.60	29.80	27.30	1.60	2.20	0.09	0.00
5.30	33.60	32.40	29.90	27.40	1.70	1.90	0.09	0.00
5.40	33.50	32.50	29.70	27.30	1.60	2.00	0.12	0.00
5.50	33.50	32.50	29.70	27.30	1.40	2.40	0.14	0.00
5.60	33.70	32.50	29.70	27.30	2.00	2.00	0.12	0.00
5.70	33.70	32.70	29.90	27.50	1.70	2.40	0.12	0.00
5.80	33.70	32.70	29.90	27.50	1.70	2.20	0.07	0.00
5.90	33.60	32.60	29.70	27.50	2.00	2.00	0.09	0.00
6.00	33.60	32.60	29.80	27.20	1.60	1.90	0.12	0.00
6.10	33.60	32.60	29.80	27.20	1.60	1.90	0.09	0.00
6.20	33.70	32.50	29.70	27.30	1.70	2.40	0.09	0.00
6.30	33.70	32.50	29.70	27.30	1.70	2.20	0.07	0.00
6.40	33.60	32.40	29.90	27.30	1.60	2.40	0.12	0.00
6.50	33.60	32.50	29.70	27.30	2.00	2.20	0.14	0.00
6.60	33.60	32.50	29.70	27.30	2.00	2.20	0.09	0.00
6.70	33.60	32.50	29.70	27.20	1.90	2.00	0.09	0.00
6.80	33.60	32.60	29.80	27.30	1.90	2.40	0.07	0.00
6.90	33.60	32.60	29.80	27.30	1.90	2.20	0.12	0.00
7.00	33.50	32.40	29.60	27.30	1.90	2.20	0.12	0.00
7.10	33.60	32.50	29.80	27.30	1.60	2.70	0.09	0.00
7.20	33.60	32.50	29.80	27.30	1.60	2.00	0.14	0.00
7.30	33.70	32.60	29.70	27.40	2.40	1.90	0.12	0.00
7.40	33.60	32.40	29.80	27.20	2.00	1.90	0.07	0.00
7.50	33.60	32.40	29.80	27.20	1.70	2.40	0.12	0.00
7.60	33.70	32.60	29.70	27.30	2.00	2.70	0.05	0.00
7.70	33.60	32.50	29.70	27.30	1.90	2.50	0.09	0.00
7.80	33.60	32.50	29.70	27.30	2.00	2.40	0.12	0.00
7.90	33.60	32.40	29.80	27.30	1.90	2.50	0.09	0.00
8.00	33.80	32.50	29.80	27.30	1.90	2.50	0.07	0.00
8.10	33.80	32.50	29.80	27.30	1.40	2.20	0.07	0.00
8.20	33.70	32.50	29.80	27.30	1.60	2.00	0.12	0.00
8.30	33.60	32.60	29.80	27.40	1.60	1.90	0.09	0.00
8.40	33.60	32.60	29.80	27.40	1.90	2.70	0.09	0.00
8.50	33.60	32.50	29.70	27.30	1.70	2.40	0.12	0.00
8.60	33.60	32.50	29.70	27.30	1.60	2.50	0.07	0.00
8.70	33.60	32.50	29.70	27.30	1.40	3.00	0.07	0.00
8.80	33.50	32.50	29.70	27.30	1.70	2.00	0.12	0.00
8.90	33.50	32.50	29.70	27.30	1.70	2.00	0.09	0.00
9.00	33.80	32.60	29.80	27.40	2.00	2.00	0.12	0.00
9.10	33.70	32.50	29.80	27.30	1.90	2.40	0.14	0.00
9.20	33.70	32.50	29.80	27.30	1.30	2.50	0.14	0.00
9.30	33.50	32.50	29.60	27.30	1.70	2.00	0.12	0.00
9.40	33.60	32.60	29.70	27.30	2.20	2.00	0.12	0.00
9.50	33.60	32.60	29.70	27.30	1.60	2.40	0.12	0.00
9.60	33.60	32.50	29.70	27.20	1.70	2.20	0.09	0.00
9.70	33.70	32.60	29.80	27.40	2.00	2.40	0.12	0.00
9.80	33.70	32.60	29.80	27.40	2.00	2.50	0.12	0.00
9.90	33.70	32.60	29.80	27.50	2.00	2.50	0.12	0.00
10.00	33.70	32.60	29.80	27.30	1.90	2.20	0.17	0.00
10.10	33.70	32.50	29.80	27.30	2.00	2.20	0.12	0.00
10.20	33.70	32.50	29.80	27.30	2.20	2.00	0.12	0.00
10.30	33.60	32.60	29.80	27.40	1.70	2.00	0.09	0.00
10.40	33.60	32.60	29.80	27.40	2.20	2.00	0.14	0.00
10.50	33.50	32.40	29.70	27.20	2.00	1.90	0.12	0.00
10.60	33.60	32.40	29.60	27.30	2.00	1.90	0.12	0.00
10.70	33.60	32.40	29.60	27.30	1.60	2.40	0.07	0.00
10.80	33.40	32.40	29.60	27.20	1.60	2.40	0.12	0.00
10.90	33.70	32.50	29.70	27.30	1.70	2.40	0.12	0.00
11.00	33.70	32.50	29.70	27.30	2.00	2.40	0.09	0.00
11.10	33.60	32.50	29.80	27.30	1.70	2.40	0.09	0.00
11.20	33.60	32.60	29.60	27.40	1.60	2.40	0.12	0.00
11.30	33.60	32.60	29.60	27.40	1.60	2.20	0.09	0.00
11.40	33.50	32.30	29.60	27.20	2.00	2.40	0.07	0.00
11.50	33.60	32.60	29.70	27.30	1.70	2.70	0.12	0.00
11.60	33.60	32.60	29.70	27.30	1.90	2.00	0.14	0.00
11.70	33.50	32.50	29.70	27.30	1.90	2.00	0.09	0.00
11.80	33.80	32.60	29.80	27.40	1.70	2.00	0.14	0.00
11.90	33.80	32.60	29.80	27.40	2.00	1.90	0.14	0.00
12.00	33.60	32.50	29.80	27.30	2.00	2.40	0.12	0.00
12.10	33.60	32.40	29.80	27.30	1.70	2.50	0.12	0.00
12.20	33.60	32.40	29.80	27.30	1.70	2.40	0.14	0.00
12.30	33.70	32.50	29.70	27.40	1.60	2.00	0.07	0.00
12.40	33.70	32.60	29.70	27.40	1.70	2.20	0.07	0.00
12.50	33.70	32.60	29.70	27.40	1.70	2.20	0.12	0.00
12.60	33.60	32.50	29.70	27.10	2.00	2.00	0.09	0.00
12.70	33.60	32.50	29.70	27.10	1.70	2.20	0.12	0.00
12.80	33.70	32.40	29.70	27.40	2.00	2.00	0.14	0.00
12.90	33.60	32.50	29.70	27.20	3.10	1.60	0.12	0.00
13.00	33.60	32.50	29.70	27.20	1.90	2.20	0.12	0.00
13.10	33.60	32.50	29.80	27.30	2.00	2.00	0.12	0.00
13.20	33.80	32.50	29.70	27.40	1.60	2.00	0.09	0.00
13.30	33.80	32.50	29.70	27.40	1.90	2.20	0.14	0.00
13.40	33.50	32.40	29.60	27.20	1.70	1.90	0.19	0.00
13.50	33.70	32.50	29.80	27.30	1.90	2.20	0.12	0.00
13.60	33.70	32.50	29.80	27.30	1.90	2.20	0.12	0.00
13.70	33.70	32.50	29.80	27.30	1.90	1.90	0.12	0.00
13.80	33.70	32.50	29.80	27.30	1.60	2.20	0.14	0.00
13.90	33.80	32.40	29.70	27.30	2.00	2.40	0.14	0.00
14.00	33.70	32.40	29.60	27.40	1.60	2.40	0.14	0.00
14.10	33.70	32.40	29.60	27.40	2.00	2.00	0.17	0.00
14.20	33.70	32.60	29.80	27.30	1.70	2.20	0.14	0.00
14.30	33.80	32.60	29.90	27.40	1.60	2.20	0.09	0.00
14.40	33.80	32.60	29.90	27.40	1.60	2.40	0.12	0.00
14.50	33.70	32.50	29.70	27.40	1.60	2.40	0.12	0.00
14.60	33.70	32.50	29.70	27.40	1.60	2.50	0.07	0.00
14.70	33.80	32.60	29.70	27.30	1.40	2.00	0.12	0.00
14.80	33.60	32.50	29.70	27.40	2.00	2.40	0.12	0.00
14.90	33.60	32.50	29.70	27.40	1.90	2.40	0.07	0.00
15.00	33.70	32.50	29.70	27.40	1.70	1.90	0.09	0.00
15.10	33.70	32.40	29.70	27.40	1.90	2.00	0.07	0.00
15.20	33.70	32.40	29.70	27.40	2.00	2.00	0.07	0.00
15.30	33.70	32.50	29.90	27.40	1.60	2.20	0.07	0.00
15.40	33.70	32.50	29.80	27.30	2.20	2.50	0.07	0.00
15.50	33.70	32.50	29.80	27.30	2.20	2.50	0.09	0.00
15.60	33.80	32.40	29.70	27.30	2.20	2.40	0.43	0.00
15.70	33.70	32.40	29.70	27.30	1.70	2.20	0.78	0.00
15.80	33.70	32.40	29.70	27.30	1.70	2.50	0.78	0.00
15.90	33.70	32.50	29.80	27.40	1.70	2.00	0.32	0.00
16.00	33.70	32.50	29.80	27.30	1.60	2.70	0.81	0.00
16.10	33.70	32.50	29.80	27.30	1.70	2.40	0.25	0.00
16.20	33.70	32.50	29.70	27.30	1.40	2.20	0.20	0.00
16.30	33.90	32.50	29.70	27.40	1.60	2.50	0.60	0.00
16.40	33.90	32.50	29.70	27.40	1.70	2.00	0.53	0.00
16.50	33.70	32.50	29.70	27.30	1.70	2.00	0.04	0.00
16.60	33.80	32.60	29.90	27.40	1.70	2.20	0.02	0.00
16.70	33.80	32.60	29.90	27.40	1.90	2.40	0.27	0.00
16.80	33.70	32.40	29.70	27.30	1.70	2.50	0.67	0.00
16.90	33.80	32.40	29.60	27.30	1.90	2.40	0.21	0.00
17.00	33.80	32.40	29.60	27.30	2.20	2.00	0.74	0.00
17.10	33.70	32.40	29.70	27.30	2.20	2.40	0.44	0.00
17.20	33.70	32.50	29.80	27.20	1.90	2.00	0.15	0.00
17.30	33.70	32.50	29.80	27.20	1.40	2.00	0.94	0.00
17.40	33.60	32.30	29.60	27.30	1.40	2.00	0.75	0.00
17.50	33.70	32.40	29.70	27.30	1.90	1.70	0.62	0.00
17.60	33.70	32.40	29.70	27.30	1.70	2.50	0.41	0.00
17.70	33.70	32.50	29.70	27.30	1.90	2.20	0.29	0.00
17.80	33.70	32.40	29.80	27.20	1.60	2.20	0.17	0.00
17.90	33.70	32.40	29.80	27.20	1.60	2.00	0.10	0.00
18.00	33.60	32.50	29.60	27.30	2.20	2.20	0.98	0.00
18.10	33.60	32.50	29.60	27.30	1.90	2.00	0.91	0.00
18.20	33.80	32.50	29.90	27.30	2.20	2.00	0.86	0.00
18.30	33.80	32.50	30.00	27.40	2.20	2.00	0.77	0.00
18.40	33.80	32.50	30.00	27.40	1.70	1.90	0.70	0.00
18.50	33.60	32.40	29.80	27.40	1.70	2.40	0.70	0.00
18.60	33.70	32.50	29.80	27.40	1.70	2.40	0.64	0.00
18.70	33.70	32.50	29.80	27.40	1.40	2.40	0.59	0.00
18.80	33.80	32.50	29.80	27.40	1.40	2.00	0.59	0.00
18.90	33.60	32.40	29.70	27.30	1.70	2.50	0.52	0.00
19.00	33.60	32.40	29.70	27.30	1.70	1.40	0.50	0.00
19.10	33.80	32.50	29.80	27.30	2.40	2.40	0.45	0.00
19.20	33.70	32.50	29.70	27.30	2.00	2.00	0.47	0.00
19.30	33.70	32.50	29.70	27.30	2.00	2.00	0.38	0.00
19.40	33.70	32.50	29.70	27.40	1.40	2.20	0.36	0.00
19.50	33.70	32.50	29.70	27.40	2.70	1.70	0.43	0.00
19.60	33.70	32.50	29.70	27.40	1.60	2.20	0.36	0.00
19.70	33.70	32.40	29.70	27.30	1.60	2.40	0.36	0.00
19.80	33.70	32.40	29.70	27.30	2.20	2.40	0.33	0.00
19.90	33.70	32.40	29.70	27.40	2.20	2.00	0.33	0.00
20.00	33.70	32.40	29.70	27.40	2.20	1.90	0.33	0.00
20.10	33.80	32.50	29.90	27.50	2.20	2.00	0.24	0.00
20.20	33.80	32.60	29.70	27.40	2.20	2.00	0.24	0.00
20.30	33.80	32.60	29.70	27.40	2.20	2.00	0.24	0.00
20.40	33.80	32.40	29.80	27.30	1.60	2.50	0.24	0.00
20.50	33.70	32.50	29.80	27.40	1.60	2.20	0.24	0.00
20.60	33.70	32.50	29.80	27.40	2.40	2.20	0.21	0.00
20.70	33.60	32.50	29.70	27.30	1.60	2.20	0.24	0.00
20.80	33.90	32.60	29.80	27.40	2.20	1.70	0.24	0.00
20.90	33.90	32.60	29.80	27.40	1.40	2.40	0.19	0.00
21.00	33.80	32.50	29.60	27.30	2.00	2.40	0.24	0.00
21.10	33.80	32.30	29.70	27.40	2.00	2.40	0.21	0.00
21.20	33.80	32.30	29.70	27.40	1.70	1.70	0.21	0.00
21.30	33.80	32.50	29.70	27.40	1.70	2.50	0.17	0.00
21.40	33.80	32.40	29.70	27.20	1.70	2.50	0.19	0.00
21.50	33.80	32.40	29.70	27.20	2.00	2.50	0.23	0.00
21.60	30.90	32.40	29.80	27.40	4.80	3.10	0.70	0.00
21.70	33.80	32.50	29.60	27.30	4.50	3.10	0.73	0.00
21.80	33.80	32.50	29.60	27.30	4.50	3.00	0.77	0.00
21.90	34.20	32.20	29.60	27.10	4.70	3.10	0.40	0.00
22.00	34.20	32.20	29.60	27.10	4.40	3.10	0.21	0.00
22.10	34.60	32.50	29.80	27.40	4.40	3.10	0.14	0.00
22.20	34.80	32.40	29.70	27.30	4.40	3.00	3.41	0.00
22.30	34.80	32.40	29.70	27.30	4.50	3.10	24.25	0.00
22.40	35.00	32.50	29.70	27.40	5.10	3.10	41.81	0.00
22.50	35.10	32.60	29.80	27.30	4.80	3.00	49.08	0.00
22.60	35.10	32.60	29.80	27.30	5.00	2.80	51.27	0.00
22.70	35.10	32.30	29.60	27.20	5.40	3.00	51.88	0.00
22.80	35.10	32.50	29.80	27.40	5.30	3.00	51.73	0.00
22.90	35.10	32.50	29.80	27.40	5.30	3.00	51.46	0.00
23.00	35.20	32.50	29.70	27.40	5.30	3.00	50.96	0.00
23.10	35.20	32.50	29.70	27.40	5.70	3.10	50.77	0.00
23.20	35.20	32.40	29.80	27.40	5.90	2.70	50.70	0.00
23.30	35.40	32.40	29.60	27.30	5.90	3.00	50.57	0.00
23.40	35.40	32.40	29.60	27.30	5.60	3.10	50.52	0.00
23.50	35.50	32.40	29.60	27.30	5.90	3.30	50.46	0.00
23.60	35.40	32.40	29.70	27.30	6.70	3.00	50.39	0.00
23.70	35.40	32.40	29.70	27.30	6.40	3.30	50.33	0.00
23.80	35.70	32.40	29.80	27.40	7.60	2.70	50.28	0.00
23.90	35.70	32.40	29.80	27.40	7.60	2.70	50.21	0.00
24.00	35.70	32.40	29.80	27.40	7.00	2.80	50.18	0.00
24.10	35.70	32.40	29.80	27.20	6.50	2.80	50.14	0.00
24.20	35.60	32.40	29.60	27.30	6.80	3.00	50.12	0.00
24.30	35.60	32.40	29.60	27.30	7.30	4.00	50.01	0.00
24.40	35.80	32.60	29.70	27.40	7.40	3.60	50.01	0.00
24.50	35.80	32.60	29.70	27.40	7.00	3.00	50.02	0.00
24.60	35.90	32.50	29.80	27.50	7.00	3.00	49.99	0.00
24.70	36.00	32.40	29.70	27.30	7.10	2.70	49.98	0.00
24.80	36.00	32.40	29.70	27.30	7.70	3.00	49.95	0.00
24.90	36.00	32.50	29.70	27.30	7.70	3.00	49.89	0.00
25.00	36.00	32.30	29.80	27.30	8.00	2.80	49.94	0.00
25.10	36.00	32.30	29.80	27.30	8.20	2.00	49.89	0.00
25.20	36.00	32.40	29.80	27.40	6.80	3.10	49.83	0.00
25.30	36.00	32.40	29.80	27.40	8.40	2.50	49.85	0.00
25.40	36.10	32.40	29.70	27.40	7.90	2.80	49.80	0.00
25.50	36.10	32.50	29.80	27.40	8.00	2.80	49.81	0.00
25.60	36.10	32.50	29.80	27.40	8.20	3.00	49.81	0.00
25.70	36.30	32.50	29.80	27.40	8.40	2.70	49.83	0.00
25.80	36.10	32.30	29.60	27.00	8.70	3.30	49.79	0.00
25.90	36.10	32.30	29.60	27.00	8.70	3.30	49.79	0.00
26.00	36.10	32.30	29.80	27.30	8.80	3.10	49.76	0.00
26.10	36.10	32.30	29.70	27.30	9.40	2.80	49.75	0.00
26.20	36.10	32.30	29.70	27.30	9.00	3.00	49.72	0.00
26.30	36.30	32.40	29.70	27.30	9.60	3.40	49.78	0.00
26.40	36.40	32.50	29.70	27.30	9.40	2.80	49.72	0.00
26.50	36.40	32.50	29.70	27.30	9.30	3.00	49.73	0.00
26.60	36.40	32.40	29.80	27.30	9.30	3.30	49.73	0.00
26.70	36.40	32.40	29.80	27.30	9.90	3.00	49.72	0.00
26.80	36.30	32.40	29.70	27.30	9.40	3.00	49.67	0.00
26.90	36.40	32.30	29.70	27.30	9.40	3.00	49.78	0.00
27.00	36.40	32.30	29.70	27.30	10.10	2.80	49.73	0.00
27.10	36.40	32.50	29.80	27.40	10.20	3.00	49.67	0.00
27.20	36.30	32.40	29.70	27.40	10.20	3.40	49.79	0.00
27.30	36.30	32.40	29.70	27.40	10.50	3.10	49.80	0.00
27.40	36.30	32.40	29.70	27.30	10.50	3.60	49.73	0.00
27.50	36.50	32.40	29.80	27.40	10.50	3.10	49.81	0.00
27.60	36.50	32.40	29.80	27.40	11.00	2.80	49.82	0.00
27.70	36.60	32.50	29.80	27.30	10.50	2.80	49.80	0.00
27.80	36.60	32.50	29.80	27.30	10.50	2.80	49.80	0.00
27.90	36.60	32.40	29.80	27.40	10.50	2.80	49.80	0.00
28.00	36.70	32.40	29.80	27.40	10.80	3.10	49.83	0.00
28.10	36.70	32.40	29.80	27.40	11.60	0.70	49.80	0.00
28.20	36.50	32.40	29.70	27.30	11.60	3.30	49.87	0.00
28.30	36.60	32.30	29.70	27.40	11.30	3.30	49.87	0.00
28.40	36.60	32.30	29.70	27.40	11.30	3.00	49.81	0.00
28.50	36.50	32.30	29.70	27.30	11.40	3.30	49.81	0.00
28.60	36.50	32.30	29.70	27.20	12.10	2.70	49.85	0.00
28.70	36.50	32.30	29.70	27.20	11.90	3.00	49.87	0.00
28.80	36.60	32.40	29.70	27.40	11.90	3.00	49.87	0.00
28.90	36.60	32.30	29.80	27.20	12.40	2.80	49.87	0.00
29.00	36.60	32.30	29.80	27.20	12.50	3.10	49.87	0.00
29.10	36.60	32.30	29.60	27.20	11.90	3.40	49.91	0.00
29.20	36.60	32.40	29.70	27.40	12.70	3.10	49.86	0.00
29.30	36.60	32.40	29.70	27.40	12.20	2.40	49.82	0.00
29.40	36.50	32.40	29.70	27.30	12.50	2.80	49.91	0.00
29.50	36.60	32.50	29.70	27.30	13.70	2.80	49.95	0.00
29.60	36.60	32.50	29.70	27.30	12.80	3.00	49.91	0.00
29.70	36.60	32.20	29.70	27.30	12.70	3.10	49.95	0.00
29.80	36.50	32.40	29.70	27.20	12.70	3.10	50.00	0.00
29.90	36.50	32.40	29.70	27.20	13.10	3.40	50.00	0.00
30.00	36.60	32.40	29.80	27.30	13.30	3.70	50.13	0.00
30.10	36.70	32.30	29.70	27.30	13.30	3.10	50.18	0.00
30.20	36.70	32.30	29.70	27.30	13.60	3.10	50.33	0.00
30.30	36.70	32.30	29.60	27.20	13.60	3.00	50.41	0.00
30.40	36.80	32.40	29.80	27.40	14.20	2.70	50.32	0.00
30.50	36.80	32.40	29.80	27.40	13.70	3.00	50.43	0.00
30.60	36.70	32.40	29.80	27.40	14.10	3.10	50.36	0.00
30.70	36.80	32.40	29.90	27.40	14.10	3.10	50.37	0.00
30.80	36.80	32.40	29.90	27.40	14.40	3.00	50.33	0.00
30.90	36.80	32.40	29.80	27.40	13.90	3.10	50.17	0.00
31.00	36.90	32.40	29.70	27.30	14.40	2.70	50.17	0.00
31.10	36.90	32.40	29.70	27.30	14.50	3.00	50.10	0.00
31.20	36.80	32.30	29.70	27.30	15.00	2.70	50.06	0.00
31.30	36.90	32.40	29.70	27.30	14.80	1.10	50.01	0.00
31.40	36.90	32.40	29.70	27.30	14.80	3.00	49.99	0.00
31.50	36.80	32.30	29.60	27.20	15.10	2.80	49.96	0.00
31.60	36.90	32.40	29.70	27.30	15.10	2.80	49.95	0.00
31.70	36.90	32.40	29.70	27.30	14.80	2.80	49.87	0.00
31.80	37.00	32.40	29.80	27.20	15.00	3.30	49.89	0.00
31.90	36.90	32.40	29.70	27.30	15.10	3.10	49.83	0.00
32.00	36.90	32.40	29.70	27.30	15.30	3.40	49.82	0.00
32.10	37.00	32.50	29.70	27.30	15.40	3.00	49.75	0.00
32.20	37.00	32.30	29.70	27.30	15.40	3.00	49.78	0.00
32.30	37.00	32.30	29.70	27.30	15.30	3.10	49.80	0.00
32.40	36.90	32.40	29.80	27.30	15.90	3.30	49.76	0.00
32.50	36.80	32.20	29.60	27.20	15.90	3.00	49.73	0.00
32.60	36.80	32.20	29.60	27.20	17.30	2.70	49.82	0.00
32.70	37.10	32.40	29.70	27.30	16.20	2.70	49.83	0.00
32.80	37.00	32.30	29.70	27.30	16.40	2.70	49.89	0.00
32.90	37.00	32.30	29.70	27.30	16.20	3.00	49.86	0.00
33.00	37.00	32.30	29.80	27.40	17.00	2.80	49.87	0.00
33.10	37.00	32.40	29.70	27.40	16.70	2.80	49.89	0.00
33.20	37.00	32.40	29.70	27.40	16.40	3.10	49.98	0.00
33.30	37.00	32.20	29.80	27.30	16.80	2.80	49.94	0.00
33.40	37.00	32.30	29.80	27.30	16.80	2.70	49.91	0.00
33.50	37.00	32.30	29.80	27.30	17.10	3.00	49.91	0.00
33.60	36.90	32.40	29.70	27.30	17.00	2.80	49.85	0.00
33.70	37.00	32.20	29.70	27.30	17.30	2.70	49.88	0.00
33.80	37.00	32.20	29.70	27.30	15.90	3.10	49.88	0.00
33.90	37.00	32.40	29.70	27.30	17.60	3.10	49.87	0.00
34.00	37.10	32.40	29.70	27.30	17.90	2.20	49.89	0.00
34.10	37.10	32.40	29.70	27.30	17.90	2.70	49.86	0.00
34.20	37.10	32.30	29.70	27.30	17.90	3.10	49.86	0.00
34.30	37.10	32.30	29.70	27.30	17.90	3.10	49.85	0.00
34.40	37.00	32.40	29.60	27.30	18.10	2.80	49.83	0.00
34.50	37.20	32.50	29.90	27.50	18.10	3.00	49.83	0.00
34.60	37.20	32.50	29.90	27.50	18.50	2.70	49.80	0.00
34.70	37.10	32.40	29.80	27.40	18.50	3.00	49.82	0.00
34.80	37.30	32.40	29.80	27.50	18.40	2.80	49.88	0.00
34.90	37.30	32.40	29.80	27.50	18.50	2.50	49.98	0.00
35.00	37.00	32.30	29.70	27.30	19.00	3.10	49.92	0.00
35.10	37.00	32.30	29.70	27.30	19.00	3.00	49.96	0.00
35.20	37.30	32.50	29.80	27.40	19.00	3.00	49.95	0.00
35.30	37.20	32.40	29.70	27.30	19.00	2.80	49.93	0.00
35.40	37.10	32.20	29.70	27.30	19.10	3.10	49.96	0.00
35.50	37.10	32.20	29.70	27.30	19.40	3.00	49.96	0.00
35.60	37.10	32.30	29.80	27.30	19.60	2.50	49.91	0.00
35.70	37.10	32.40	29.70	27.20	19.80	3.10	49.95	0.00
35.80	37.10	32.40	29.70	27.20	19.30	3.10	49.89	0.00
35.90	37.20	32.30	29.60	27.30	19.40	3.10	49.88	0.00
36.00	37.20	32.30	29.60	27.30	19.80	2.80	49.93	0.00
36.10	37.10	32.30	29.70	27.30	19.80	2.80	49.92	0.00
36.20	37.20	32.40	29.90	27.40	19.80	2.50	49.94	0.00
36.30	37.20	32.40	29.90	27.40	19.90	3.00	49.87	0.00
36.40	37.20	32.30	29.80	27.30	19.80	3.10	49.86	0.00
36.50	37.20	32.30	29.80	27.30	20.70	2.80	49.93	0.00
36.60	37.30	32.30	29.70	27.30	20.70	2.80	49.89	0.00
36.70	37.20	32.20	29.60	27.20	20.20	3.10	49.87	0.00
36.80	37.20	32.20	29.60	27.20	20.80	3.30	49.88	0.00
36.90	37.20	32.20	29.70	27.30	21.00	2.00	49.89	0.00
37.00	37.30	32.30	29.90	27.30	20.70	3.00	49.87	0.00
37.10	37.30	32.30	29.90	27.30	20.70	3.00	49.86	0.00
37.20	37.40	32.30	29.70	27.30	21.40	2.80	49.81	0.00
37.30	37.20	32.20	29.70	27.40	21.10	2.70	49.83	0.00
37.40	37.20	32.20	29.70	27.40	21.40	1.90	49.83	0.00
37.50	37.40	32.40	29.80	27.40	21.80	3.00	49.81	0.00
37.60	37.20	32.40	29.70	27.40	21.80	3.30	49.85	0.00
37.70	37.20	32.40	29.70	27.40	21.60	2.70	49.80	0.00
37.80	37.30	32.30	29.70	27.30	21.80	3.00	49.85	0.00
37.90	37.30	32.30	29.70	27.30	21.90	2.70	49.83	0.00
38.00	37.20	32.20	29.70	27.20	21.90	2.70	49.85	0.00
38.10	37.30	32.30	29.70	27.30	21.90	2.80	49.78	0.00
38.20	37.30	32.30	29.70	27.30	22.40	3.30	49.88	0.00
38.30	37.30	32.20	29.60	27.30	22.40	2.70	49.81	0.00
38.40	37.30	32.30	29.70	27.20	22.40	3.00	49.81	0.00
38.50	37.30	32.30	29.70	27.20	22.40	3.00	49.80	0.00
38.60	37.20	32.30	29.80	27.40	22.70	3.30	49.82	0.00
38.70	37.20	32.30	29.60	27.20	23.00	2.40	49.76	0.00
38.80	37.20	32.30	29.60	27.20	22.80	2.80	49.85	0.00
38.90	37.40	32.30	29.70	27.30	22.80	2.80	50.05	0.00
39.00	37.40	32.50	29.80	27.40	23.30	3.00	50.26	0.00
39.10	37.40	32.50	29.80	27.40	23.00	2.80	50.30	0.00
39.20	37.40	32.20	29.70	27.40	23.40	2.80	50.23	0.00
39.30	37.40	32.30	29.70	27.40	23.30	3.10	50.15	0.00
39.40	37.40	32.30	29.70	27.40	23.80	2.80	50.08	0.00
39.50	37.30	32.30	29.80	27.30	23.60	3.00	50.13	0.00
39.60	37.50	32.20	29.70	27.30	23.60	2.80	50.04	0.00
39.70	37.50	32.20	29.70	27.30	23.80	3.10	50.04	0.00
39.80	37.30	32.30	29.70	27.30	23.80	3.10	50.02	0.00
39.90	37.30	32.30	29.70	27.30	24.10	3.00	49.94	0.00
40.00	37.60	32.30	29.70	27.40	24.70	2.40	49.89	0.00
40.10	37.50	32.20	29.70	27.30	24.20	2.70	49.94	0.00
40.20	37.50	32.20	29.70	27.30	24.40	2.80	49.87	0.00
40.30	37.50	32.20	29.60	27.30	24.50	3.00	49.88	0.00
40.40	37.60	32.30	29.80	27.30	24.40	2.70	49.85	0.00
40.50	37.60	32.30	29.80	27.30	25.10	3.00	49.82	0.00
40.60	37.40	32.30	29.80	27.30	23.30	3.00	49.83	0.00
40.70	37.40	32.30	29.80	27.30	25.30	2.50	49.86	0.00
40.80	37.40	32.30	29.80	27.30	25.30	2.50	49.82	0.00
40.90	37.50	32.20	29.70	27.20	25.30	2.80	49.79	0.00
41.00	37.50	32.20	29.70	27.40	25.30	2.40	49.80	0.00
41.10	37.50	32.20	29.70	27.40	25.10	3.30	49.75	0.00
41.20	37.50	32.30	29.70	27.30	25.40	3.10	49.80	0.00
41.30	37.40	32.30	29.80	27.30	25.80	2.80	49.74	0.00
41.40	37.40	32.30	29.80	27.30	26.10	3.00	49.75	0.00
41.50	37.50	32.20	29.70	27.30	25.80	3.00	49.80	0.00
41.60	37.50	32.20	29.70	27.30	25.60	3.00	49.75	0.00
41.70	37.30	32.30	29.70	27.30	26.10	3.10	49.78	0.00
41.80	37.50	32.20	29.60	27.30	26.40	3.10	49.79	0.00
41.90	37.50	32.20	29.60	27.30	26.20	2.80	50.20	0.00
42.00	37.40	32.20	29.60	27.20	26.50	2.80	50.25	0.00
42.10	37.60	32.40	29.80	27.40	26.50	3.00	50.21	0.00
42.20	37.60	32.40	29.80	27.40	27.10	2.70	50.12	0.00
42.30	37.50	32.20	29.60	27.20	26.70	2.80	50.15	0.00
42.40	37.50	32.30	29.80	27.30	27.00	3.30	50.13	0.00
42.50	37.50	32.30	29.80	27.30	27.10	3.10	50.08	0.00
42.60	37.50	32.40	29.80	27.40	26.50	2.80	50.07	0.00
42.70	37.50	32.40	29.80	27.40	26.50	2.80	50.06	0.00
42.80	37.60	32.20	29.70	27.30	27.30	3.00	49.98	0.00
42.90	37.50	32.30	29.70	27.20	27.50	2.80	49.98	0.00
43.00	37.50	32.20	29.70	27.30	27.30	2.40	49.96	0.00
43.10	37.50	32.20	29.70	27.30	28.10	3.00	49.93	0.00
43.20	37.50	32.30	29.70	27.30	27.90	3.00	49.92	0.00
43.30	37.50	32.30	29.70	27.30	27.80	3.00	49.87	0.00
43.40	37.50	32.20	29.70	27.30	28.20	3.40	49.91	0.00
43.50	37.50	32.20	29.70	27.30	28.10	3.00	49.89	0.00
43.60	37.60	32.40	29.70	27.40	28.10	3.00	49.89	0.00
43.70	37.60	32.30	29.70	27.30	28.20	2.50	49.87	0.00
43.80	37.60	32.30	29.70	27.30	28.50	2.80	49.83	0.00
43.90	37.60	32.20	29.80	27.40	28.40	3.10	49.88	0.00
44.00	37.60	32.20	29.80	27.40	28.80	3.00	49.85	0.00
44.10	37.60	32.30	29.70	27.30	28.70	2.80	49.85	0.00
44.20	37.70	32.40	29.80	27.30	28.70	2.50	49.89	0.00
44.30	37.70	32.40	29.80	27.30	29.00	3.10	49.85	0.00
44.40	37.60	32.20	29.60	27.30	29.10	3.00	49.82	0.00
44.50	37.60	32.20	29.60	27.30	28.80	2.70	49.88	0.00
44.60	37.50	32.20	29.80	27.20	28.80	2.70	49.79	0.00
44.70	37.70	32.40	29.80	27.30	29.50	2.70	49.83	0.00
44.80	37.70	32.40	29.80	27.30	29.10	2.50	49.93	0.00
44.90	37.60	32.30	29.70	27.30	29.80	3.40	49.91	0.00
45.00	37.80	32.50	29.70	27.50	29.80	3.10	49.87	0.00
45.10	37.80	32.50	29.70	27.50	29.80	3.10	49.85	0.00
45.20	37.70	32.20	29.70	27.20	29.60	3.10	49.96	0.00
45.30	37.70	32.30	29.80	27.30	30.10	2.70	50.27	0.00
45.40	37.70	32.30	29.80	27.30	30.40	2.80	50.31	0.00
45.50	37.60	32.20	29.70	27.20	30.40	2.80	50.27	0.00
45.60	37.80	32.50	29.80	27.40	30.20	3.30	50.13	0.00
45.70	37.80	32.50	29.80	27.40	30.70	3.10	50.17	0.00
45.80	37.60	32.30	29.70	27.40	30.40	3.10	50.11	0.00
45.90	37.60	32.30	29.80	27.40	30.10	2.80	50.08	0.00
46.00	37.60	32.30	29.80	27.40	31.00	2.80	50.08	0.00
46.10	37.50	32.30	29.80	27.30	31.30	3.40	50.00	0.00
46.20	37.60	32.20	29.70	27.30	31.00	3.00	49.95	0.00
46.30	37.60	32.20	29.70	27.30	31.00	3.00	49.98	0.00
46.40	37.60	32.20	29.70	27.20	31.10	3.00	49.86	0.00
46.50	37.60	32.20	29.70	27.20	31.30	2.50	49.91	0.00
46.60	37.60	32.20	29.60	27.20	31.30	2.50	49.86	0.00
46.70	37.60	32.30	29.70	27.30	31.90	2.80	49.79	0.00
46.80	37.60	32.30	29.70	27.30	31.90	2.50	49.79	0.00
46.90	37.70	32.30	29.70	27.20	31.80	2.70	49.81	0.00
47.00	37.60	32.30	29.60	27.30	31.80	3.10	49.86	0.00
47.10	37.60	32.30	29.60	27.30	32.20	2.70	49.74	0.00
47.20	37.60	32.20	29.60	27.20	32.50	2.70	49.81	0.00
47.30	37.60	32.20	29.70	27.20	32.20	2.80	49.75	0.00
47.40	37.60	32.20	29.70	27.20	32.20	2.80	49.78	0.00
47.50	37.70	32.30	29.80	27.40	32.50	3.10	49.76	0.00
47.60	37.70	32.40	29.70	27.20	33.00	2.50	49.74	0.00
47.70	37.70	32.40	29.70	27.20	32.20	2.80	49.76	0.00
47.80	37.80	32.20	29.80	27.40	32.80	2.80	49.99	0.00
47.90	37.70	32.30	29.70	27.30	33.30	3.30	50.06	0.00
48.00	37.70	32.30	29.70	27.30	33.00	2.80	50.11	0.00
48.10	37.60	32.30	29.70	27.20	33.30	2.40	50.04	0.00
48.20	37.70	32.40	29.80	27.30	33.50	2.70	50.10	0.00
48.30	37.70	32.40	29.80	27.30	33.50	2.70	50.00	0.00
48.40	37.60	32.20	29.70	27.20	33.60	2.80	49.96	0.00
48.50	37.60	32.20	29.60	27.20	33.80	2.80	49.99	0.00
48.60	37.60	32.20	29.60	27.20	33.90	2.50	49.95	0.00
48.70	37.70	32.20	29.70	27.30	33.80	2.50	49.82	0.00
48.80	37.70	32.30	29.80	27.30	34.20	2.80	49.83	0.00
48.90	37.70	32.30	29.80	27.30	34.10	2.80	49.83	0.00
49.00	37.70	32.20	29.70	27.30	33.90	2.80	49.88	0.00
49.10	37.70	32.30	29.80	27.50	34.40	3.00	49.83	0.00
49.20	37.70	32.30	29.80	27.50	34.40	3.00	49.80	0.00
49.30	37.90	32.20	29.70	27.40	34.40	2.80	49.89	0.00
49.40	37.90	32.20	29.70	27.40	34.70	3.00	49.81	0.00
49.50	37.70	32.20	29.80	27.30	34.70	3.00	49.86	0.00
49.60	37.60	32.20	29.60	27.20	34.70	2.80	49.81	0.00
49.70	37.60	32.20	29.60	27.20	34.80	2.80	49.79	0.00
49.80	37.80	32.30	29.90	27.30	35.20	2.80	49.86	0.00
49.90	37.70	32.20	29.60	27.30	35.00	2.70	49.86	0.00
50.00	37.70	32.20	29.60	27.30	35.50	3.30	50.01	0.00
50.10	37.80	32.30	29.70	27.40	35.50	2.80	50.05	0.00
50.20	37.80	32.30	29.70	27.40	35.50	2.80	50.07	0.00
50.30	37.80	32.30	29.70	27.40	35.60	3.00	49.95	0.00
50.40	37.70	32.10	29.70	27.30	35.60	3.10	50.01	0.00
50.50	37.70	32.30	29.80	27.30	35.20	2.80	49.95	0.00
50.60	37.70	32.30	29.80	27.30	35.90	2.70	49.96	0.00
50.70	37.70	32.20	29.70	27.30	36.20	2.70	49.94	0.00
50.80	37.60	32.30	29.70	27.40	36.20	2.40	49.94	0.00
50.90	37.60	32.30	29.70	27.40	36.40	3.00	49.92	0.00
51.00	37.70	32.20	29.90	27.50	36.50	3.10	49.81	0.00
51.10	37.60	32.20	29.70	27.40	36.50	3.10	49.85	0.00
51.20	37.60	32.20	29.70	27.40	36.50	3.30	49.91	0.00
51.30	37.80	32.30	29.90	27.40	36.20	2.40	49.85	0.00
51.40	37.70	32.20	29.80	27.30	36.70	2.70	49.82	0.00
51.50	37.70	32.20	29.80	27.30	37.20	2.80	49.92	0.00
51.60	37.60	32.20	29.80	27.30	37.00	2.80	50.04	0.00
51.70	37.70	32.20	29.70	27.30	37.20	2.80	50.06	0.00
51.80	37.70	32.20	29.70	27.30	36.80	3.00	49.95	0.00
51.90	37.70	32.10	29.70	27.30	37.50	3.00	49.89	0.00
52.00	37.90	32.30	29.80	27.40	37.30	2.50	49.87	0.00
52.10	37.90	32.30	29.80	27.40	37.90	2.70	49.99	0.00
52.20	37.60	32.30	29.70	27.30	37.20	2.80	49.92	0.00
52.30	37.60	32.30	29.70	27.30	37.90	2.70	49.92	0.00
52.40	37.70	32.30	29.80	27.20	37.60	3.00	49.83	0.00
52.50	37.70	32.10	29.70	27.30	37.90	2.70	49.81	0.00
52.60	37.70	32.10	29.70	27.30	37.80	2.80	49.94	0.00
52.70	37.70	32.20	29.70	27.30	37.80	2.50	49.98	0.00
52.80	37.70	32.20	29.70	27.30	38.20	2.80	49.93	0.00
52.90	37.70	32.20	29.70	27.30	38.20	2.80	49.98	0.00
53.00	37.70	32.20	29.70	27.30	38.20	3.00	49.98	0.00
53.10	37.70	32.10	29.70	27.40	38.70	1.70	49.94	0.00
53.20	37.70	32.10	29.70	27.40	39.00	2.80	49.93	0.00
53.30	37.70	32.30	29.80	27.40	38.70	2.70	49.88	0.00
53.40	37.70	32.30	29.70	27.30	38.40	2.80	49.83	0.00
53.50	37.70	32.30	29.70	27.30	38.70	2.70	49.95	0.00
53.60	37.60	32.20	29.70	27.30	39.60	3.10	50.02	0.00
53.70	37.60	32.20	29.70	27.30	39.30	2.70	49.96	0.00
53.80	37.70	32.20	29.80	27.30	39.30	2.70	50.01	0.00
53.90	37.60	32.20	29.70	27.30	39.30	2.80	50.07	0.00
54.00	37.60	32.20	29.70	27.30	39.20	3.30	49.95	0.00
54.10	37.90	32.20	29.80	27.40	39.00	2.70	49.96	0.00
54.20	37.90	32.20	29.80	27.40	39.60	3.10	49.93	0.00
54.30	37.70	32.20	29.80	27.30	39.90	3.00	49.98	0.00
54.40	37.80	32.30	29.80	27.50	39.60	3.00	49.87	0.00
54.50	37.80	32.30	29.80	27.50	39.90	3.00	49.98	0.00
54.60	37.70	32.50	29.80	27.40	39.80	3.10	50.13	0.00
54.70	37.80	32.20	29.90	27.30	39.90	3.10	50.10	0.00
54.80	37.80	32.20	29.90	27.30	39.90	3.10	50.12	0.00
54.90	37.80	32.20	29.70	27.30	40.10	3.10	50.02	0.00
55.00	37.80	32.20	29.70	27.30	40.40	2.70	50.05	0.00
55.10	37.70	32.10	29.80	27.40	40.80	2.70	49.99	0.00
55.20	37.70	32.20	29.70	27.30	40.70	3.10	50.05	0.00
55.30	37.70	32.20	29.70	27.30	41.30	2.50	49.89	0.00
55.40	37.80	32.20	29.70	27.30	41.50	3.60	49.91	0.00
55.50	37.60	32.20	29.70	27.20	40.70	2.70	45.06	0.00
55.60	37.60	32.20	29.70	27.20	41.20	2.70	45.21	0.00
55.70	37.70	32.20	29.80	27.50	41.20	2.70	46.92	0.00
55.80	37.60	32.20	29.80	27.40	40.80	2.70	47.69	0.00
55.90	37.60	32.20	29.80	27.40	40.80	2.70	48.24	0.00
56.00	37.40	32.20	29.80	27.30	41.00	3.10	50.28	0.00
56.10	37.50	32.30	29.80	27.30	41.20	3.00	49.49	0.00
56.20	37.50	32.30	29.80	27.30	41.20	2.20	47.70	0.00
56.30	37.30	32.10	29.70	27.30	41.30	3.00	47.88	0.00
56.40	37.30	32.30	29.80	27.40	40.70	3.10	46.25	0.00
56.50	37.30	32.30	29.80	27.40	41.00	2.50	39.18	0.00
56.60	37.20	32.40	29.80	27.30	40.80	2.80	18.74	0.00
56.70	37.20	32.40	29.80	27.30	41.00	2.70	13.34	0.00
56.80	37.00	32.20	29.70	27.30	40.50	2.50	10.21	0.00
56.90	37.00	32.20	29.70	27.30	40.70	1.90	8.13	0.00
57.00	37.10	32.30	29.80	27.50	40.20	3.30	6.61	0.00
57.10	36.80	32.20	29.50	27.30	40.50	2.80	5.47	0.00
57.20	36.80	32.20	29.50	27.30	40.70	3.00	4.65	0.00
57.30	36.70	32.10	29.70	27.30	40.70	2.80	4.03	0.00
57.40	36.70	32.10	29.60	27.20	40.40	3.00	3.56	0.00
57.50	36.70	32.10	29.60	27.20	41.00	2.80	3.14	0.00
57.60	36.80	32.20	29.70	27.30	41.00	2.80	2.79	0.00
57.70	36.70	32.20	29.80	27.40	41.00	2.80	2.58	0.00
57.80	36.70	32.20	29.80	27.40	40.40	2.80	2.27	0.00
57.90	36.60	32.00	29.60	27.20	40.70	2.80	2.04	0.00
58.00	36.60	32.30	29.80	27.40	40.70	3.30	1.86	0.00
58.10	36.60	32.30	29.80	27.40	40.50	3.10	1.67	0.00
58.20	36.40	32.10	29.70	27.30	40.80	1.70	1.53	0.00
58.30	36.60	32.40	29.80	27.60	40.40	3.00	1.36	0.00
58.40	36.60	32.40	29.80	27.60	40.50	2.80	1.27	0.00
58.50	36.60	32.30	29.70	27.30	40.40	2.70	1.17	0.00
58.60	36.40	32.10	29.70	27.40	40.40	2.70	1.05	0.00
58.70	36.40	32.10	29.70	27.40	40.70	3.00	0.94	0.00
58.80	36.40	32.30	29.80	27.30	40.70	3.10	0.91	0.00
58.90	36.40	32.30	29.80	27.30	40.70	2.40	0.84	0.00
59.00	36.40	32.20	29.80	27.40	40.70	2.70	0.79	0.00
59.10	36.50	32.40	29.80	27.40	40.50	2.70	0.71	0.00
59.20	36.50	32.40	29.80	27.40	40.80	2.70	0.69	0.00
59.30	36.20	32.10	29.70	27.30	40.40	3.00	0.52	0.00
59.40	36.20	32.10	29.80	27.20	40.40	2.70	0.40	0.00
59.50	36.20	32.10	29.80	27.20	40.40	2.70	0.36	0.00
59.60	36.40	32.20	29.80	27.40	40.10	2.80	0.38	0.00
59.70	36.20	32.10	29.60	27.30	40.70	3.00	0.31	0.00
59.80	36.20	32.10	29.60	27.30	40.70	2.80	0.33	0.00
59.90	36.30	32.40	29.80	27.30	41.00	2.80	0.28	0.00
60.00	36.30	32.20	29.80	27.30	40.70	3.00	0.28	0.00
60.10	36.30	32.20	29.80	27.30	41.00	2.80	0.26	0.00
60.20	36.20	32.30	29.70	27.40	40.40	3.00	0.26	0.00
60.30	36.30	32.20	29.80	27.30	40.80	2.80	0.24	0.00
60.40	36.30	32.20	29.80	27.30	40.80	2.80	0.26	0.00
60.50	36.20	32.30	29.80	27.40	40.50	3.00	0.24	0.00
60.60	36.10	32.20	29.70	27.30	40.50	2.80	0.24	0.00
60.70	36.10	32.20	29.70	27.30	40.80	3.10	0.24	0.00
60.80	36.10	32.30	29.80	27.40	40.50	2.70	0.26	0.00
60.90	36.00	32.20	29.70	27.30	40.50	3.00	0.24	0.00
61.00	36.00	32.20	29.70	27.30	40.50	3.00	0.24	0.00
61.10	36.20	32.20	29.70	27.30	40.50	2.70	0.19	0.00
61.20	36.00	32.10	29.70	27.20	40.20	2.80	0.21	0.00
61.30	36.00	32.10	29.70	27.20	40.20	2.80	0.24	0.00
61.40	36.10	32.20	29.80	27.30	40.40	3.00	0.21	0.00
61.50	36.10	32.20	29.80	27.40	40.70	2.50	0.19	0.00
61.60	36.10	32.20	29.80	27.40	40.50	3.10	0.24	0.00
61.70	36.00	32.20	29.80	27.30	40.20	3.60	0.21	0.00
61.80	36.10	32.20	29.90	27.40	40.70	2.80	0.21	0.00
61.90	36.10	32.20	29.90	27.40	40.80	3.40	0.17	0.00
62.00	36.10	32.20	29.80	27.50	40.50	2.70	0.17	0.00
62.10	35.90	32.30	29.80	27.40	40.80	3.00	0.21	0.00
62.20	35.90	32.30	29.80	27.40	40.80	3.00	0.24	0.00
62.30	36.00	32.10	29.70	27.20	40.40	3.00	0.21	0.00
62.40	36.00	32.30	29.70	27.50	40.40	2.70	0.19	0.00
62.50	36.00	32.30	29.70	27.50	40.80	3.00	0.17	0.00
62.60	35.90	32.20	29.90	27.40	40.50	3.00	0.21	0.00
62.70	35.80	32.20	29.70	27.40	40.40	3.90	0.21	0.00
62.80	35.80	32.20	29.70	27.40	40.80	2.80	0.19	0.00
62.90	35.90	32.20	29.80	27.30	40.40	2.80	0.24	0.00
63.00	35.90	32.20	29.80	27.30	41.20	2.80	0.17	0.00
63.10	35.70	32.20	29.70	27.40	41.20	2.80	0.19	0.00
63.20	35.80	32.10	29.60	27.30	40.70	2.80	0.14	0.00
63.30	35.80	32.10	29.60	27.30	40.80	2.50	0.14	0.00
63.40	35.80	32.10	29.80	27.50	40.20	3.00	0.19	0.00
63.50	35.90	32.10	29.80	27.40	40.80	2.80	0.14	0.00
63.60	35.90	32.10	29.80	27.40	40.20	3.00	0.19	0.00
63.70	35.70	32.30	29.80	27.40	40.20	3.10	0.19	0.00
63.80	35.90	32.30	29.80	27.30	40.40	2.80	0.14	0.00
63.90	35.90	32.30	29.80	27.30	40.50	2.70	0.14	0.00
64.00	35.80	32.20	29.80	27.30	40.70	3.30	0.17	0.00
64.10	35.70	32.30	29.70	27.30	40.50	2.50	0.14	0.00
64.20	35.70	32.30	29.70	27.30	40.20	2.40	0.17	0.00
64.30	35.80	32.20	29.80	27.50	40.50	3.10	0.12	0.00
64.40	35.90	32.30	29.80	27.40	40.80	2.80	0.19	0.00
64.50	35.90	32.30	29.80	27.40	40.50	3.30	0.14	0.00
64.60	35.60	32.10	29.60	27.30	40.40	2.80	0.12	0.00
64.70	35.90	32.20	29.90	27.40	40.50	2.80	0.14	0.00
64.80	35.90	32.20	29.90	27.40	40.70	3.00	0.12	0.00
64.90	35.70	32.30	29.70	27.50	40.40	3.10	0.14	0.00
65.00	35.70	32.30	29.70	27.50	40.40	3.10	0.12	0.00
65.10	35.80	32.20	29.70	27.30	40.70	2.40	0.12	0.00
65.20	35.60	32.10	29.80	27.30	40.50	2.80	0.19	0.00
65.30	35.60	32.10	29.80	27.30	40.20	2.80	0.19	0.00
65.40	35.60	32.10	29.70	27.30	41.00	3.00	0.14	0.00
65.50	35.70	32.20	29.80	27.30	40.50	2.70	0.14	0.00
65.60	35.70	32.20	29.80	27.30	40.40	3.10	0.14	0.00
65.70	35.60	32.20	29.70	27.30	41.50	2.70	0.14	0.00
65.80	35.70	32.20	29.80	27.30	40.40	3.00	0.12	0.00
65.90	35.70	32.20	29.80	27.30	40.40	3.00	0.17	0.00
66.00	35.60	32.20	29.80	27.30	40.50	2.80	0.14	0.00
66.10	35.60	32.20	29.80	27.30	40.40	3.10	0.17	0.00
66.20	35.60	32.20	29.80	27.30	40.20	2.70	0.19	0.00
66.30	35.70	32.30	29.90	27.50	40.70	3.00	0.19	0.00
66.40	35.70	32.30	29.80	27.40	40.50	2.70	0.14	0.00
66.50	35.70	32.30	29.80	27.40	40.10	2.50	0.17	0.00
66.60	35.60	32.20	29.70	27.30	40.50	3.30	0.14	0.00
66.70	35.70	32.10	29.80	27.30	40.70	2.80	0.12	0.00
66.80	35.70	32.10	29.80	27.30	40.70	2.80	0.12	0.00
66.90	35.70	32.20	29.70	27.30	40.50	1.10	0.12	0.00
67.00	35.50	32.20	29.70	27.30	40.70	2.80	0.17	0.00
67.10	35.50	32.20	29.70	27.30	40.50	3.40	0.19	0.00
67.20	35.50	32.30	29.80	27.40	40.40	3.00	0.17	0.00
67.30	35.50	32.20	29.80	27.40	40.20	2.40	0.12	0.00
67.40	35.50	32.20	29.80	27.40	41.00	2.50	0.14	0.00
67.50	35.40	32.30	29.80	27.30	40.40	2.70	0.14	0.00
67.60	35.40	32.10	29.60	27.30	40.20	3.00	0.17	0.00
67.70	35.40	32.10	29.60	27.30	40.20	3.00	0.14	0.00
67.80	35.50	32.20	29.70	27.40	40.20	2.80	0.12	0.00
67.90	35.40	32.20	29.70	27.20	40.40	3.10	0.14	0.00
68.00	35.40	32.20	29.70	27.20	40.50	2.80	0.17	0.00
68.10	35.50	32.10	29.70	27.30	40.50	2.80	0.12	0.00
68.20	35.50	32.10	29.70	27.30	40.80	2.80	0.14	0.00
68.30	35.40	32.30	29.70	27.40	39.90	3.10	0.14	0.00
68.40	35.40	32.30	29.70	27.40	40.40	3.00	0.12	0.00
68.50	35.40	32.20	29.70	27.40	40.40	2.20	0.17	0.00
68.60	35.40	32.10	29.70	27.40	40.70	3.00	0.14	0.00
68.70	35.40	32.10	29.70	27.40	40.70	3.00	0.17	0.00
68.80	35.40	32.20	29.80	27.30	40.20	3.00	0.12	0.00
68.90	35.40	32.20	29.70	27.40	40.20	3.00	0.17	0.00
69.00	35.40	32.20	29.70	27.40	40.10	2.70	0.17	0.00
69.10	35.30	32.10	29.50	27.30	40.10	3.10	0.12	0.00
69.20	35.30	32.10	29.50	27.30	40.50	2.70	0.14	0.00
69.30	35.40	32.20	29.60	27.30	40.50	2.50	0.19	0.00
69.40	35.30	32.10	29.70	27.20	40.40	2.50	0.19	0.00
69.50	35.30	32.10	29.70	27.20	40.20	3.10	0.19	0.00
69.60	35.40	32.20	29.70	27.40	40.80	2.70	0.14	0.00
69.70	35.40	32.30	29.70	27.40	40.80	2.70	0.19	0.00
69.80	35.40	32.30	29.70	27.40	40.40	3.00	0.14	0.00
69.90	35.40	32.30	29.70	27.30	39.90	2.70	0.14	0.00
70.00	35.40	32.20	29.80	27.40	40.40	3.00	0.14	0.00
70.10	35.40	32.20	29.80	27.40	40.50	2.70	0.19	0.00
70.20	35.30	32.20	29.60	27.30	40.50	2.50	0.12	0.00
70.30	35.30	32.20	29.60	27.30	38.50	3.00	0.19	0.00
70.40	35.30	32.30	29.80	27.30	40.20	2.80	0.07	0.00
70.50	35.40	32.30	29.80	27.40	40.50	2.80	0.07	0.00
70.60	35.40	32.30	29.80	27.40	40.10	2.80	0.07	0.00
70.70	35.20	32.00	29.70	27.40	40.50	3.10	0.07	0.00
70.80	35.30	32.20	29.90	27.40	40.70	2.80	0.07	0.00
70.90	35.30	32.20	29.90	27.40	40.40	4.00	0.07	0.00
71.00	35.20	32.10	29.80	27.30	40.10	3.00	0.07	0.00
71.10	35.30	32.30	29.70	27.40	40.50	2.70	0.07	0.00
71.20	35.30	32.30	29.70	27.40	40.70	2.70	0.02	0.00
71.30	35.30	32.20	29.70	27.40	40.80	3.00	0.07	0.00
71.40	35.10	32.30	29.70	27.30	40.20	3.00	0.00	0.00
71.50	35.10	32.30	29.70	27.30	40.20	3.00	0.00	0.00
71.60	35.30	32.30	29.70	27.40	40.20	3.00	0.00	0.00
71.70	35.20	32.10	29.80	27.20	40.20	3.30	0.00	0.00
71.80	35.20	32.10	29.80	27.20	40.50	3.00	0.00	0.00
71.90	35.20	32.20	29.80	27.30	40.40	2.80	0.00	0.00
72.00	35.20	32.20	29.80	27.30	40.70	2.50	0.00	0.00
72.10	35.30	32.20	29.80	27.30	40.20	3.00	0.00	0.00
72.20	35.00	32.20	29.70	27.30	41.00	2.80	0.00	0.00
72.30	35.00	32.20	29.70	27.30	40.80	2.80	0.00	0.00
72.40	35.20	32.30	29.80	27.40	40.20	3.30	0.00	0.00
72.50	35.20	32.30	29.80	27.40	40.40	2.40	0.00	0.00
72.60	35.20	32.20	29.70	27.40	40.40	2.40	0.00	0.00
72.70	35.20	32.10	29.70	27.30	40.50	3.30	0.00	0.00
72.80	35.20	32.10	29.70	27.30	40.20	3.10	0.00	0.00
72.90	35.20	32.20	29.70	27.30	40.10	2.80	0.00	0.00
73.00	35.20	32.20	29.70	27.30	40.10	3.00	0.00	0.00
73.10	35.20	32.20	29.70	27.30	40.10	3.00	0.00	0.00
73.20	35.10	32.20	29.70	27.30	40.80	3.00	0.00	0.00
73.30	35.00	32.20	29.60	27.30	40.20	3.00	0.00	0.00
73.40	35.00	32.20	29.60	27.30	40.50	3.00	0.00	0.00
73.50	35.20	32.20	29.70	27.30	40.50	3.00	0.00	0.00
73.60	35.10	32.30	29.80	27.40	40.80	2.70	0.00	0.00
73.70	35.10	32.30	29.80	27.40	40.40	2.50	0.00	0.00
73.80	35.10	32.20	29.80	27.30	40.70	3.00	0.00	0.00
73.90	35.20	32.30	29.70	27.40	38.50	3.00	0.00	0.00
74.00	35.20	32.30	29.70	27.40	40.40	3.10	0.00	0.00
74.10	35.10	32.20	29.80	27.30	40.10	3.10	0.00	0.00
74.20	35.10	32.20	29.70	27.30	40.20	2.80	0.00	0.00
74.30	35.10	32.20	29.70	27.30	40.40	3.00	0.00	0.00
74.40	35.10	32.20	29.80	27.40	40.70	2.20	0.00	0.00
74.50	35.10	32.20	29.80	27.40	40.70	3.10	0.00	0.00
74.60	35.00	32.20	29.70	27.30	40.40	2.80	0.00	0.00
74.70	35.10	32.30	29.70	27.30	40.10	3.00	0.00	0.00
74.80	35.10	32.30	29.70	27.30	40.80	3.00	0.00	0.00
74.90	35.10	32.20	29.80	27.30	40.40	2.80	0.00	0.00
75.00	35.10	32.10	29.80	27.30	40.10	2.80	0.00	0.00
75.10	35.10	32.10	29.80	27.30	40.50	2.40	0.00	0.00
75.20	35.10	32.20	29.80	27.40	40.70	2.80	0.00	0.00
75.30	34.90	32.20	29.80	27.20	40.40	2.70	0.00	0.00
75.40	34.90	32.20	29.80	27.20	40.40	2.70	0.00	0.00
75.50	34.90	32.20	29.70	27.30	40.70	2.80	0.00	0.00
75.60	35.00	32.20	29.70	27.30	40.50	2.80	0.00	0.00
75.70	35.00	32.20	29.70	27.30	40.50	2.50	0.00	0.00
75.80	35.00	32.20	29.70	27.40	40.20	3.00	0.00	0.00
75.90	34.90	32.10	29.70	27.30	39.90	3.30	0.00	0.00
76.00	34.90	32.10	29.70	27.30	40.40	2.80	0.00	0.00
76.10	35.00	32.20	29.80	27.30	40.20	3.00	0.00	0.00
76.20	35.00	32.20	29.60	27.40	40.40	3.60	0.00	0.00
76.30	35.00	32.20	29.60	27.40	40.40	3.60	0.00	0.00
76.40	35.10	32.20	29.80	27.40	40.40	3.00	0.00	0.00
76.50	35.00	32.10	29.70	27.40	40.20	2.70	0.00	0.00
76.60	35.00	32.10	29.70	27.40	40.40	2.80	0.00	0.00
76.70	34.90	32.30	29.70	27.20	40.50	3.00	0.00	0.00
76.80	34.90	32.30	29.70	27.20	40.70	3.30	0.00	0.00
76.90	35.00	32.30	29.90	27.30	40.70	3.00	0.00	0.00
77.00	35.10	32.30	29.80	27.40	40.40	3.40	0.00	0.00
77.10	35.10	32.30	29.80	27.40	40.40	2.70	0.00	0.00
77.20	34.90	32.30	29.80	27.30	40.40	2.70	0.00	0.00
77.30	34.90	32.10	29.70	27.30	40.40	3.90	0.00	0.00
77.40	34.90	32.10	29.70	27.30	40.70	3.40	0.00	0.00
77.50	34.90	32.20	29.70	27.30	40.20	2.70	0.00	0.00
77.60	34.90	32.20	29.80	27.40	40.70	2.80	0.00	0.00
77.70	34.90	32.20	29.80	27.40	41.20	2.50	0.00	0.00
77.80	34.90	32.20	29.80	27.20	40.70	2.20	0.00	0.00
77.90	34.90	32.10	29.70	27.30	40.20	2.70	0.00	0.00
78.00	34.90	32.10	29.70	27.30	40.20	3.00	0.00	0.00
78.10	34.90	32.10	29.70	27.30	40.10	3.30	0.00	0.00
78.20	34.90	32.10	29.60	27.30	40.10	3.30	0.00	0.00
78.30	34.90	32.10	29.60	27.30	40.40	3.10	0.00	0.00
78.40	34.90	32.10	29.70	27.40	40.10	3.10	0.00	0.00
78.50	34.90	32.30	29.80	27.40	40.20	3.00	0.00	0.00
78.60	34.90	32.30	29.80	27.40	40.70	3.00	0.00	0.00
78.70	34.90	32.20	29.90	27.40	40.40	2.70	0.00	0.00
78.80	34.90	32.10	29.80	27.30	40.40	3.10	0.00	0.00
78.90	34.90	32.10	29.80	27.30	40.10	3.30	0.00	0.00
79.00	35.00	32.10	29.80	27.40	40.50	2.50	0.00	0.00
79.10	35.00	32.10	29.80	27.40	40.50	2.50	0.00	0.00
79.20	34.90	32.20	29.80	27.40	40.50	3.00	0.00	0.00
79.30	34.80	32.20	29.70	27.30	40.40	0.80	0.00	0.00
79.40	34.80	32.20	29.70	27.30	40.50	3.10	0.00	0.00
79.50	34.90	32.20	29.70	27.30	40.50	2.70	0.00	0.00
79.60	34.90	32.20	29.80	27.30	40.70	2.80	0.00	0.00
79.70	34.90	32.20	29.80	27.30	40.40	2.70	0.00	0.00
79.80	34.90	32.20	29.80	27.30	40.10	3.00	0.00	0.00
79.90	34.80	32.20	29.80	27.40	40.20	2.80	0.00	0.00
80.00	34.80	32.20	29.80	27.40	40.20	2.80	0.00	0.00
80.10	34.90	32.20	29.70	27.30	40.20	3.00	0.00	0.00
80.20	34.90	32.20	29.70	27.30	40.50	3.00	0.00	0.00
80.30	34.90	32.10	29.80	27.40	40.50	2.50	0.00	0.00
80.40	34.90	32.20	29.80	27.30	40.20	2.70	0.00	0.00
80.50	34.90	32.20	29.80	27.30	40.50	3.00	0.00	0.00
80.60	34.70	32.10	29.70	27.30	40.20	3.30	0.00	0.00
80.70	34.80	32.30	29.80	27.40	40.70	3.00	0.00	0.00
80.80	35.00	32.30	29.80	27.40	40.10	3.60	0.00	0.00
80.90	35.00	32.30	29.80	27.40	40.10	3.60	0.00	0.00
81.00	34.90	32.20	29.80	27.30	40.80	2.80	0.00	0.00
81.10	34.80	32.20	29.60	27.30	40.70	3.10	0.00	0.00
81.20	34.80	32.20	29.60	27.30	40.50	3.30	0.00	0.00
81.30	34.80	32.20	29.70	27.30	40.40	3.00	0.00	0.00
81.40	34.80	32.20	29.70	27.30	40.20	2.70	0.00	0.00
81.50	34.80	32.20	29.90	27.20	40.10	2.70	0.00	0.00
81.60	34.70	32.20	29.80	27.30	40.70	0.70	0.00	0.00
81.70	34.70	32.20	29.80	27.30	40.80	2.70	0.00	0.00
81.80	34.80	32.10	29.80	27.30	40.80	2.70	0.00	0.00
81.90	34.80	32.40	29.70	27.40	40.20	2.50	0.00	0.00
82.00	34.80	32.40	29.70	27.40	40.10	2.80	0.00	0.00
82.10	34.80	32.30	29.70	27.30	40.40	3.10	0.00	0.00
82.20	34.80	32.30	29.70	27.30	40.50	2.80	0.00	0.00
82.30	34.90	32.20	29.70	27.40	40.40	3.40	0.00	0.00
82.40	34.70	32.20	29.70	27.40	40.20	2.70	0.00	0.00
82.50	34.70	32.20	29.70	27.40	40.50	2.20	0.00	0.00
82.60	34.70	32.20	29.70	27.30	40.20	4.00	0.00	0.00
82.70	34.90	32.10	29.80	27.40	40.40	2.40	0.00	0.00
82.80	34.90	32.10	29.80	27.40	40.40	2.40	0.00	0.00
82.90	34.80	32.10	29.70	27.30	40.40	3.00	0.00	0.00
83.00	34.80	32.10	29.70	27.30	40.70	3.00	0.00	0.00
83.10	34.80	32.20	29.80	27.40	40.50	3.10	0.00	0.00
83.20	34.80	32.40	29.90	27.40	40.40	2.70	0.00	0.00
83.30	34.70	32.20	29.80	27.50	40.70	2.50	0.00	0.00
83.40	34.70	32.20	29.80	27.50	40.70	2.70	0.00	0.00
83.50	34.60	32.00	29.70	27.30	38.70	3.00	0.00	0.00
83.60	34.70	32.20	29.70	27.30	40.40	3.00	0.00	0.00
83.70	34.70	32.20	29.70	27.30	40.40	3.00	0.00	0.00
83.80	34.50	32.10	29.60	27.20	40.40	3.00	0.00	0.00
83.90	34.50	32.10	29.60	27.20	40.20	3.10	0.00	0.00
84.00	34.70	32.10	29.70	27.30	40.40	3.30	0.00	0.00
84.10	34.70	32.10	29.70	27.40	40.40	2.80	0.00	0.00
84.20	34.70	32.10	29.70	27.40	40.70	3.00	0.00	0.00
84.30	34.70	32.10	29.70	27.30	40.80	1.30	0.00	0.00
84.40	34.70	32.20	29.80	27.30	40.40	3.10	0.00	0.00
84.50	34.70	32.20	29.80	27.30	40.40	2.80	0.00	0.00
84.60	34.70	32.10	29.80	27.40	40.50	3.10	0.00	0.00
84.70	34.70	32.30	29.80	27.40	40.50	3.10	0.00	0.00
84.80	34.70	32.30	29.80	27.40	40.50	3.30	0.00	0.00
84.90	34.60	32.10	29.70	27.30	40.20	2.70	0.00	0.00
85.00	34.60	32.20	29.80	27.40	40.50	3.10	0.00	0.00
85.10	34.60	32.20	29.80	27.40	40.10	2.80	0.00	0.00
85.20	34.70	32.10	29.70	27.30	40.70	2.80	0.00	0.00
85.30	34.70	32.10	29.70	27.30	40.50	3.10	0.00	0.00
85.40	34.70	32.20	29.80	27.30	40.20	3.00	0.00	0.00
85.50	34.70	32.20	29.70	27.30	40.20	3.00	0.00	0.00
85.60	34.70	32.20	29.70	27.30	40.40	3.10	0.00	0.00
85.70	34.70	32.20	29.70	27.30	40.40	3.10	0.00	0.00
85.80	34.70	32.20	29.80	27.30	40.40	3.10	0.00	0.00
85.90	34.70	32.20	29.80	27.30	40.20	3.30	0.00	0.00
86.00	34.60	32.10	29.80	27.30	40.70	2.80	0.00	0.00
86.10	34.70	32.20	29.70	27.40	40.40	2.50	0.00	0.00
86.20	34.70	32.20	29.70	27.40	40.50	3.00	0.00	0.00
86.30	34.60	32.20	29.80	27.30	40.40	3.00	0.00	0.00
86.40	34.60	32.10	29.80	27.40	40.40	2.70	0.00	0.00
86.50	34.60	32.10	29.80	27.40	40.10	3.00	0.00	0.00
86.60	34.50	32.10	29.70	27.30	40.20	2.80	0.00	0.00
86.70	34.30	32.10	29.50	27.20	40.20	2.80	0.00	0.00
86.80	34.30	32.10	29.50	27.20	40.40	4.00	0.00	0.00
86.90	34.60	32.20	29.80	27.40	40.70	3.40	0.00	0.00
87.00	34.60	32.20	29.80	27.40	40.20	3.00	0.00	0.00
87.10	34.60	32.20	29.60	27.20	40.40	3.00	0.00	0.00
87.20	34.60	32.20	29.80	27.30	40.50	3.00	0.00	0.00
87.30	34.60	32.20	29.80	27.30	40.10	3.10	0.00	0.00
87.40	34.60	32.10	29.70	27.30	40.10	3.00	0.00	0.00
87.50	34.50	32.10	29.70	27.20	40.40	3.10	0.00	0.00
87.60	34.50	32.10	29.70	27.20	40.40	3.10	0.00	0.00
87.70	34.70	32.30	29.90	27.40	40.40	2.70	0.00	0.00
87.80	34.60	32.20	29.80	27.30	40.70	3.00	0.00	0.00
87.90	34.60	32.20	29.80	27.30	40.70	3.00	0.00	0.00
88.00	34.70	32.20	29.80	27.40	40.40	2.70	0.00	0.00
88.10	34.70	32.20	29.80	27.40	40.20	3.30	0.00	0.00
88.20	34.70	32.20	29.80	27.40	40.40	2.70	0.00	0.00
88.30	34.60	32.20	29.70	27.20	40.80	2.80	0.00	0.00
88.40	34.60	32.20	29.70	27.20	41.00	3.10	0.00	0.00
88.50	34.50	32.20	29.80	27.40	40.50	3.30	0.00	0.00
88.60	34.50	32.10	29.70	27.20	40.50	3.30	0.00	0.00
88.70	34.50	32.10	29.70	27.20	40.40	3.00	0.00	0.00
88.80	34.50	32.20	29.70	27.40	40.20	2.80	0.00	0.00
88.90	34.60	32.20	29.80	27.40	40.50	2.80	0.00	0.00
89.00	34.60	32.20	29.80	27.40	39.90	2.50	0.00	0.00
89.10	34.60	32.20	29.90	27.40	40.70	3.10	0.00	0.00
89.20	34.60	32.20	29.90	27.40	41.20	2.50	0.00	0.00
89.30	34.50	32.20	29.70	27.30	40.50	2.40	0.00	0.00
89.40	34.40	32.20	29.70	27.20	41.00	2.70	0.00	0.00
89.50	34.40	32.20	29.70	27.20	41.00	2.70	0.00	0.00
89.60	34.50	32.00	29.70	27.20	40.70	3.00	0.00	0.00
89.70	34.50	32.20	29.80	27.30	40.20	3.10	0.00	0.00
89.80	34.50	32.20	29.80	27.30	40.50	3.10	0.00	0.00
89.90	34.50	32.20	29.80	27.20	40.40	2.80	0.00	0.00
90.00	34.60	32.10	29.70	27.50	39.90	2.70	0.00	0.00
90.10	34.60	32.10	29.70	27.50	40.40	3.10	0.00	0.00
90.20	34.50	32.30	29.70	27.40	40.20	2.50	0.00	0.00
90.30	34.50	32.20	29.70	27.40	40.40	2.70	0.00	0.00
90.40	34.50	32.20	29.70	27.40	40.70	3.00	0.00	0.00
90.50	34.50	32.30	29.70	27.40	40.70	3.00	0.00	0.00
90.60	34.50	32.30	29.70	27.40	40.80	2.80	0.00	0.00
90.70	34.50	32.20	29.70	27.40	40.20	3.10	0.00	0.00
90.80	34.60	32.20	29.80	27.30	40.50	2.70	0.00	0.00
90.90	34.60	32.20	29.80	27.30	40.70	2.80	0.00	0.00
91.00	34.50	32.10	29.70	27.30	40.10	3.30	0.00	0.00
91.10	34.50	32.10	29.70	27.30	40.50	2.80	0.00	0.00
91.20	34.50	32.10	29.80	27.40	40.40	2.80	0.00	0.00
91.30	34.50	32.20	29.60	27.30	40.10	3.10	0.00	0.00
91.40	34.50	32.20	29.60	27.30	40.10	3.10	0.00	0.00
91.50	34.40	32.20	29.70	27.30	40.40	2.80	0.00	0.00
91.60	34.50	32.20	29.70	27.40	40.40	2.80	0.00	0.00
91.70	34.50	32.20	29.70	27.40	40.40	2.70	0.00	0.00
91.80	34.50	32.30	29.80	27.40	40.70	3.00	0.00	0.00
91.90	34.70	32.30	29.80	27.50	41.20	2.40	0.00	0.00
92.00	34.70	32.30	29.80	27.50	40.20	2.80	0.00	0.00
92.10	34.40	32.30	29.80	27.30	39.90	2.80	0.00	0.00
92.20	34.50	32.10	29.80	27.30	40.40	3.00	0.00	0.00
92.30	34.50	32.10	29.80	27.30	40.40	3.00	0.00	0.00
92.40	34.50	32.20	29.70	27.40	41.00	3.00	0.00	0.00
92.50	34.50	32.20	29.70	27.40	40.40	3.10	0.00	0.00
92.60	34.40	32.10	29.60	27.30	40.40	2.80	0.00	0.00
92.70	34.50	32.20	29.70	27.30	40.10	3.70	0.00	0.00
92.80	34.50	32.20	29.70	27.30	40.40	3.10	0.00	0.00
92.90	34.40	32.30	29.80	27.30	40.80	3.00	0.00	0.00
93.00	34.30	32.20	29.70	27.30	40.40	2.70	0.00	0.00
93.10	34.30	32.20	29.70	27.30	40.50	2.70	0.00	0.00
93.20	34.40	32.10	29.70	27.30	40.50	2.80	0.00	0.00
93.30	34.40	32.10	29.70	27.30	40.10	3.00	0.00	0.00
93.40	34.40	32.10	29.70	27.30	40.50	2.70	0.00	0.00
93.50	34.40	32.20	30.00	27.30	40.20	3.30	0.00	0.00
93.60	34.40	32.10	29.70	27.30	39.90	3.00	0.00	0.00
93.70	34.40	32.10	29.70	27.30	40.40	3.10	0.00	0.00
93.80	34.50	32.30	29.80	27.40	40.70	2.70	0.00	0.00
93.90	34.50	32.20	29.70	27.30	40.40	3.00	0.00	0.00
94.00	34.50	32.20	29.70	27.30	40.50	2.50	0.00	0.00
94.10	34.30	32.20	29.80	27.30	40.40	3.10	0.00	0.00
94.20	34.50	32.20	29.80	27.40	40.40	3.10	0.00	0.00
94.30	34.50	32.20	29.80	27.40	40.70	1.00	0.00	0.00
94.40	34.40	32.20	29.80	27.30	40.20	3.70	0.00	0.00
94.50	34.40	32.20	29.80	27.30	40.80	2.80	0.00	0.00
94.60	34.40	32.20	29.80	27.60	40.70	2.70	0.00	0.00
94.70	34.40	32.20	29.80	27.30	40.70	2.80	0.00	0.00
94.80	34.40	32.20	29.80	27.30	40.40	3.00	0.00	0.00
94.90	34.40	32.30	29.80	27.40	40.20	3.30	0.00	0.00
95.00	34.40	32.00	29.70	27.30	40.70	2.80	0.00	0.00
95.10	34.40	32.00	29.70	27.30	40.70	2.80	0.00	0.00
95.20	34.30	32.20	29.70	27.30	40.40	2.80	0.00	0.00
95.30	34.40	32.20	29.80	27.40	40.40	3.10	0.00	0.00
95.40	34.40	32.20	29.80	27.40	40.70	1.00	0.00	0.00
95.50	34.50	32.30	29.80	27.40	40.20	3.00	0.00	0.00
95.60	34.30	32.20	29.80	27.30	40.40	3.10	0.00	0.00
95.70	34.30	32.20	29.80	27.30	40.40	3.30	0.00	0.00
95.80	34.40	32.20	29.80	27.40	40.50	3.00	0.00	0.00
95.90	34.40	32.20	29.80	27.40	40.80	2.70	0.00	0.00
96.00	34.40	32.30	29.80	27.30	40.80	2.70	0.00	0.00
96.10	34.50	32.10	29.70	27.40	40.40	3.00	0.00	0.00
96.20	34.50	32.10	29.70	27.40	40.50	3.00	0.00	0.00
96.30	34.40	32.20	29.80	27.30	40.50	2.80	0.00	0.00
96.40	34.30	32.10	29.70	27.40	40.50	3.10	0.00	0.00
96.50	34.30	32.10	29.70	27.40	40.50	4.00	0.00	0.00
96.60	34.30	32.10	29.80	27.30	40.50	3.30	0.00	0.00
96.70	34.20	32.10	29.90	27.40	40.40	2.80	0.00	0.00
96.80	34.20	32.10	29.90	27.40	40.20	2.80	0.00	0.00
96.90	34.30	32.10	29.70	27.30	40.10	3.30	0.00	0.00
97.00	34.40	32.10	29.80	27.40	40.10	3.30	0.00	0.00
97.10	34.40	32.10	29.80	27.40	40.40	3.10	0.00	0.00
97.20	34.40	32.30	29.80	27.40	40.70	2.70	0.00	0.00
97.30	34.40	32.30	29.90	27.40	40.20	3.00	0.00	0.00
97.40	34.40	32.30	29.90	27.40	40.20	2.70	0.00	0.00
97.50	34.30	32.10	29.80	27.20	39.90	3.00	0.00	0.00
97.60	34.30	32.10	29.80	27.20	40.40	3.10	0.00	0.00
97.70	34.30	32.10	29.70	27.30	40.50	2.80	0.00	0.00
97.80	34.30	32.10	29.70	27.30	40.20	2.70	0.00	0.00
97.90	34.40	32.20	29.70	27.30	40.10	3.10	0.00	0.00
98.00	34.30	32.20	29.60	27.20	40.10	3.10	0.00	0.00
98.10	34.30	32.20	29.60	27.20	40.40	2.40	0.00	0.00
98.20	34.40	32.10	29.70	27.30	39.90	3.00	0.00	0.00
98.30	34.40	32.30	29.80	27.30	40.40	3.30	0.00	0.00
98.40	34.40	32.30	29.80	27.30	40.40	2.70	0.00	0.00
98.50	34.30	32.20	29.70	27.40	40.70	2.80	0.00	0.00
98.60	34.30	32.10	29.70	27.30	40.20	3.30	0.00	0.00
98.70	34.30	32.10	29.70	27.30	40.20	2.80	0.00	0.00
98.80	34.30	32.10	29.80	27.20	40.50	3.00	0.00	0.00
98.90	34.30	32.10	29.80	27.20	40.70	2.50	0.00	0.00
99.00	34.30	32.20	29.70	27.40	40.50	3.00	0.00	0.00
99.10	34.30	32.20	29.80	27.30	40.40	3.10	0.00	0.00
99.20	34.30	32.20	29.80	27.30	40.40	2.80	0.00	0.00
99.30	34.30	32.20	29.70	27.40	39.20	3.00	0.00	0.00
99.40	34.30	32.20	29.70	27.40	40.40	3.10	0.00	0.00
99.50	34.30	32.20	29.70	27.30	40.40	2.80	0.00	0.00
99.60	34.40	32.30	29.80	27.40	40.20	2.80	0.00	0.00
99.70	34.40	32.30	29.80	27.40	40.20	3.30	0.00	0.00
99.80	34.30	32.30	29.80	27.40	40.20	3.30	0.00	0.00
99.90	34.30	32.20	29.80	27.30	40.20	2.70	0.00	0.00
100.00	34.30	32.20	29.80	27.30	39.90	2.70	0.00	0.00
100.10	34.20	32.10	29.70	27.30	40.10	2.80	0.00	0.00
100.20	34.10	32.10	29.70	27.30	40.70	2.80	0.00	0.00
100.30	34.10	32.10	29.70	27.30	40.50	2.20	0.00	0.00
100.40	34.30	32.30	29.70	27.40	40.50	3.10	0.00	0.00
100.50	34.30	32.20	29.80	27.30	40.50	3.00	0.00	0.00
100.60	34.30	32.20	29.80	27.30	40.50	3.10	0.00	0.00
100.70	34.30	32.10	29.70	27.40	40.50	3.10	0.00	0.00
100.80	34.20	32.20	29.70	27.30	40.10	3.00	0.00	0.00
100.90	34.20	32.20	29.70	27.30	40.80	2.80	0.00	0.00
101.00	34.30	32.00	29.80	27.30	40.20	3.10	0.00	0.00
101.10	34.30	32.10	29.70	27.40	40.50	2.80	0.00	0.00
101.20	34.30	32.10	29.70	27.40	40.40	2.50	0.00	0.00
101.30	34.30	32.10	29.80	27.30	40.20	3.40	0.00	0.00
101.40	34.30	32.30	29.80	27.40	40.70	3.00	0.00	0.00
101.50	34.30	32.30	29.80	27.40	40.50	2.70	0.00	0.00
101.60	34.10	32.10	29.60	27.20	40.40	2.70	0.00	0.00
101.70	34.10	32.10	29.60	27.20	40.40	2.70	0.00	0.00
101.80	34.30	32.30	29.70	27.40	40.10	2.80	0.00	0.00
101.90	34.20	32.30	29.70	27.30	40.10	3.00	0.00	0.00
102.00	34.20	32.30	29.70	27.30	40.70	3.10	0.00	0.00
102.10	34.20	32.10	29.80	27.30	40.50	3.30	0.00	0.00
102.20	34.20	32.20	29.70	27.40	40.40	2.50	0.00	0.00
102.30	34.20	32.20	29.70	27.40	40.50	4.20	0.00	0.00
102.40	34.30	32.20	29.70	27.40	40.20	2.80	0.00	0.00
102.50	34.20	32.10	29.80	27.30	40.40	2.80	0.00	0.00
102.60	34.20	32.10	29.80	27.30	40.40	2.80	0.00	0.00
102.70	34.30	32.20	29.80	27.40	40.40	3.40	0.00	0.00
102.80	34.30	32.20	29.80	27.40	40.40	3.00	0.00	0.00
102.90	34.10	32.20	29.70	27.30	40.40	2.80	0.00	0.00
103.00	34.20	32.20	29.80	27.30	40.50	2.80	0.00	0.00
103.10	34.20	32.20	29.80	27.30	40.40	3.00	0.00	0.00
103.20	34.30	32.20	29.80	27.40	40.40	2.80	0.00	0.00
103.30	34.10	32.30	29.70	27.40	40.70	2.80	0.00	0.00
103.40	34.10	32.30	29.70	27.40	40.20	2.80	0.00	0.00
103.50	34.30	32.30	29.90	27.40	40.20	2.80	0.00	0.00
103.60	34.30	32.30	29.90	27.40	40.20	3.10	0.00	0.00
103.70	34.20	32.20	29.90	27.30	39.80	3.10	0.00	0.00
103.80	34.20	32.20	29.80	27.40	40.20	2.80	0.00	0.00
103.90	34.20	32.20	29.80	27.40	40.40	3.30	0.00	0.00
104.00	34.20	32.20	29.80	27.30	40.40	3.30	0.00	0.00
104.10	34.30	32.20	29.80	27.40	40.50	3.00	0.00	0.00
104.20	34.30	32.20	29.80	27.40	40.10	3.00	0.00	0.00
104.30	34.10	32.20	29.70	27.40	40.40	3.10	0.00	0.00
104.40	34.20	32.20	29.80	27.30	40.40	3.10	0.00	0.00
104.50	34.20	32.20	29.80	27.30	40.20	3.00	0.00	0.00
104.60	34.30	32.20	29.80	27.40	40.70	3.10	0.00	0.00
104.70	34.20	32.10	29.80	27.30	40.70	3.00	0.00	0.00
104.80	34.20	32.10	29.80	27.30	40.20	2.70	0.00	0.00
104.90	34.20	32.10	29.70	27.30	40.70	3.10	0.00	0.00
105.00	34.20	32.20	29.80	27.30	40.50	2.70	0.00	0.00
105.10	34.20	32.20	29.80	27.30	40.40	3.00	0.00	0.00
105.20	34.20	32.30	29.80	27.40	40.20	2.80	0.00	0.00
105.30	34.20	32.30	29.80	27.30	40.20	2.80	0.00	0.00
105.40	34.20	32.30	29.80	27.30	40.80	2.80	0.00	0.00
105.50	34.20	32.20	29.70	27.30	39.90	2.70	0.00	0.00
105.60	34.20	32.20	29.70	27.40	40.70	2.20	0.00	0.00
105.70	34.20	32.20	29.70	27.40	39.60	3.00	0.00	0.00
105.80	34.10	32.20	29.70	27.30	40.10	3.30	0.00	0.00
105.90	34.00	32.00	29.60	27.20	40.20	2.80	0.00	0.00
106.00	34.00	32.00	29.60	27.20	40.40	3.00	0.00	0.00
106.10	34.00	32.20	29.80	27.20	40.50	3.00	0.00	0.00
106.20	34.00	32.20	29.80	27.20	40.50	3.00	0.00	0.00
106.30	34.10	32.20	29.80	27.30	40.70	3.00	0.00	0.00
106.40	34.30	32.30	29.90	27.50	40.40	2.50	0.00	0.00
106.50	34.30	32.30	29.90	27.50	40.40	2.80	0.00	0.00
106.60	34.10	32.20	29.80	27.30	40.50	3.10	0.00	0.00
106.70	34.20	32.20	29.80	27.30	39.90	2.80	0.00	0.00
106.80	34.20	32.20	29.80	27.30	40.50	3.40	0.00	0.00
106.90	34.30	32.10	29.70	27.40	40.10	3.30	0.00	0.00
107.00	34.20	32.20	29.80	27.40	40.40	2.80	0.00	0.00
107.10	34.20	32.20	29.80	27.40	40.40	2.80	0.00	0.00
107.20	34.10	32.20	29.80	27.40	40.40	2.80	0.00	0.00
107.30	34.10	32.20	29.70	27.30	40.50	3.40	0.00	0.00
107.40	34.10	32.20	29.70	27.30	40.20	3.10	0.00	0.00
107.50	34.20	32.30	29.80	27.40	40.20	3.10	0.00	0.00
107.60	34.10	32.20	29.80	27.40	40.20	3.00	0.00	0.00
107.70	34.10	32.20	29.80	27.40	40.40	2.80	0.00	0.00
107.80	34.20	32.20	29.70	27.40	40.80	2.80	0.00	0.00
107.90	34.10	32.20	29.70	27.30	40.40	3.10	0.00	0.00
108.00	34.10	32.20	29.70	27.30	40.40	2.80	0.00	0.00
108.10	34.10	32.10	29.70	27.30	40.40	3.00	0.00	0.00
108.20	34.10	32.10	29.70	27.30	40.40	2.50	0.00	0.00
108.30	34.00	32.20	29.70	27.20	40.20	3.10	0.00	0.00
108.40	34.00	32.10	29.80	27.40	40.20	3.10	0.00	0.00
108.50	34.00	32.10	29.80	27.40	40.50	2.70	0.00	0.00
108.60	34.10	32.20	29.80	27.40	40.10	3.00	0.00	0.00
108.70	34.00	32.20	29.80	27.40	40.10	3.10	0.00	0.00
108.80	34.00	32.20	29.80	27.40	40.10	3.00	0.00	0.00
108.90	34.10	32.20	29.80	27.30	40.70	3.00	0.00	0.00
109.00	34.00	32.20	29.60	27.20	40.10	2.50	0.00	0.00
109.10	34.00	32.20	29.60	27.20	40.80	2.80	0.00	0.00
109.20	34.20	32.30	29.70	27.40	40.10	2.80	0.00	0.00
109.30	34.20	32.30	29.70	27.40	40.20	3.10	0.00	0.00
109.40	34.20	32.20	29.80	27.40	40.70	2.70	0.00	0.00
109.50	34.10	32.30	29.80	27.40	40.10	3.40	0.00	0.00
109.60	34.10	32.30	29.80	27.40	40.10	3.00	0.00	0.00
109.70	34.10	32.20	29.80	27.50	40.20	2.70	0.00	0.00
109.80	34.10	32.20	29.80	27.30	40.80	2.80	0.00	0.00
109.90	34.10	32.20	29.80	27.30	40.10	2.80	0.00	0.00
110.00	34.10	32.20	29.70	27.40	40.70	2.50	0.00	0.00
110.10	34.00	32.30	29.80	27.30	40.70	2.50	0.00	0.00
110.20	34.00	32.30	29.80	27.30	40.20	2.80	0.00	0.00
110.30	34.20	32.20	29.80	27.40	40.20	3.30	0.00	0.00
110.40	34.20	32.20	29.80	27.40	40.40	2.50	0.00	0.00
110.50	34.10	32.30	29.80	27.40	40.40	3.00	0.00	0.00
110.60	34.10	32.30	29.80	27.40	40.70	2.80	0.00	0.00
110.70	34.20	32.20	29.80	27.40	40.40	3.10	0.00	0.00
110.80	34.10	32.00	29.70	27.30	40.20	2.80	0.00	0.00
110.90	34.10	32.00	29.70	27.30	40.50	3.00	0.00	0.00
111.00	34.10	32.20	29.90	27.40	40.10	3.00	0.00	0.00
111.10	34.00	32.20	29.80	27.40	40.10	3.00	0.00	0.00
111.20	34.00	32.20	29.80	27.40	40.10	2.50	0.00	0.00
111.30	34.00	32.20	29.80	27.20	40.50	3.00	0.00	0.00
111.40	34.10	32.30	29.80	27.50	40.20	3.00	0.00	0.00
111.50	34.10	32.30	29.80	27.50	39.90	3.00	0.00	0.00
111.60	34.10	32.10	29.80	27.40	40.70	3.10	0.00	0.00
111.70	34.20	32.20	29.80	27.20	40.50	2.80	0.00	0.00
111.80	34.20	32.20	29.80	27.20	40.10	3.00	0.00	0.00
111.90	34.20	32.20	29.90	27.40	40.20	2.70	0.00	0.00
112.00	34.10	32.20	29.80	27.40	40.20	2.70	0.00	0.00
112.10	34.10	32.20	29.80	27.40	40.40	3.10	0.00	0.00
112.20	34.10	32.10	29.70	27.40	40.40	3.40	0.00	0.00
112.30	34.10	32.10	29.70	27.40	40.40	3.00	0.00	0.00
112.40	34.00	32.00	29.80	27.30	40.10	2.80	0.00	0.00
112.50	34.00	32.00	29.70	27.20	40.20	2.70	0.00	0.00
112.60	34.00	32.00	29.70	27.20	40.20	3.10	0.00	0.00
112.70	34.10	32.20	29.70	27.40	40.50	2.80	0.00	0.00
112.80	34.20	32.40	29.80	27.40	39.90	3.10	0.00	0.00
112.90	34.20	32.40	29.80	27.40	39.90	3.00	0.00	0.00
113.00	34.10	32.30	29.90	27.30	39.90	3.00	0.00	0.00
113.10	33.90	32.10	29.70	27.30	40.50	2.80	0.00	0.00
113.20	33.90	32.10	29.70	27.30	40.20	3.30	0.00	0.00
113.30	34.10	32.20	29.80	27.40	40.50	3.10	0.00	0.00
113.40	34.10	32.20	29.80	27.40	40.40	3.00	0.00	0.00
113.50	34.10	32.30	29.70	27.40	40.50	2.80	0.00	0.00
113.60	34.00	32.20	29.80	27.40	40.50	2.80	0.00	0.00
113.70	34.00	32.20	29.80	27.40	40.50	2.80	0.00	0.00
113.80	33.90	32.10	29.70	27.30	40.70	3.00	0.00	0.00
113.90	34.00	32.20	29.80	27.30	40.40	2.50	0.00	0.00
114.00	34.00	32.20	29.80	27.40	40.40	2.50	0.00	0.00
114.10	34.00	32.20	29.80	27.40	39.90	3.10	0.00	0.00
114.20	33.90	32.20	29.70	27.30	40.70	2.80	0.00	0.00
114.30	34.10	32.20	29.70	27.30	40.20	3.30	0.00	0.00
114.40	34.10	32.20	29.70	27.30	40.20	3.10	0.00	0.00
114.50	34.00	32.30	29.90	27.40	40.40	2.70	0.00	0.00
114.60	34.00	32.30	29.90	27.40	39.90	3.30	0.00	0.00
114.70	34.00	32.10	29.80	27.40	40.40	2.80	0.00	0.00
114.80	34.10	32.20	29.70	27.40	40.20	2.80	0.00	0.00
114.90	34.10	32.20	29.70	27.40	40.40	2.80	0.00	0.00
115.00	34.00	32.20	29.70	27.40	40.20	2.80	0.00	0.00
115.10	33.90	32.10	29.70	27.40	40.40	3.30	0.00	0.00
115.20	33.90	32.10	29.70	27.40	40.50	2.80	0.00	0.00
115.30	34.10	32.20	29.80	27.40	40.20	2.50	0.00	0.00
115.40	34.10	32.20	29.70	27.40	40.70	2.80	0.00	0.00
115.50	34.10	32.20	29.70	27.40	39.90	2.80	0.00	0.00
115.60	34.00	32.10	29.70	27.30	40.10	3.00	0.00	0.00
115.70	34.00	32.20	29.70	27.40	40.50	3.00	0.00	0.00
115.80	34.00	32.20	29.70	27.40	40.10	3.10	0.00	0.00
115.90	33.90	32.20	29.70	27.30	40.10	3.10	0.00	0.00
116.00	34.00	32.30	29.80	27.40	40.70	3.30	0.00	0.00
116.10	34.00	32.30	29.80	27.40	41.20	2.70	0.00	0.00
116.20	34.00	32.30	29.90	27.30	40.40	2.80	0.00	0.00
116.30	33.90	32.20	29.70	27.20	40.50	3.00	0.00	0.00
116.40	33.90	32.20	29.70	27.20	40.40	3.30	0.00	0.00
116.50	34.00	32.30	29.80	27.30	40.20	2.70	0.00	0.00
116.60	34.00	32.30	29.70	27.40	40.50	3.30	0.00	0.00
116.70	34.00	32.30	29.70	27.40	40.40	3.00	0.00	0.00
116.80	34.10	32.30	30.00	27.60	40.40	3.00	0.00	0.00
116.90	34.00	32.30	29.80	27.30	40.80	3.10	0.00	0.00
117.00	34.00	32.30	29.80	27.30	40.40	3.10	0.00	0.00
117.10	34.00	32.20	29.70	27.30	40.40	2.80	0.00	0.00
117.20	34.00	32.20	29.80	27.30	38.70	3.00	0.00	0.00
117.30	34.00	32.20	29.80	27.30	40.40	3.30	0.00	0.00
117.40	34.10	32.20	29.70	27.30	40.40	2.70	0.00	0.00
117.50	34.00	32.30	29.80	27.40	40.20	2.70	0.00	0.00
117.60	34.00	32.30	29.80	27.40	40.50	3.00	0.00	0.00
117.70	33.90	32.20	29.70	27.40	40.40	2.80	0.00	0.00
117.80	33.90	32.10	29.80	27.40	40.40	2.80	0.00	0.00
117.90	33.90	32.10	29.80	27.40	40.10	3.00	0.00	0.00
118.00	34.00	32.30	29.90	27.30	40.20	3.00	0.00	0.00
118.10	34.00	32.30	29.90	27.30	40.40	3.00	0.00	0.00
118.20	34.00	32.20	29.80	27.40	40.50	2.80	0.00	0.00
118.30	34.10	32.20	29.90	27.40	40.20	2.80	0.00	0.00
118.40	33.90	32.20	29.60	27.30	40.50	3.30	0.00	0.00
118.50	33.90	32.20	29.60	27.30	40.50	2.50	0.00	0.00
118.60	33.80	32.20	29.70	27.30	40.20	3.10	0.00	0.00
118.70	33.80	32.20	29.70	27.30	40.20	3.10	0.00	0.00
118.80	34.10	32.30	29.80	27.40	40.40	3.00	0.00	0.00
118.90	33.80	32.00	29.70	27.30	40.40	2.70	0.00	0.00
119.00	34.00	32.30	29.90	27.60	40.70	2.80	0.00	0.00
119.10	34.00	32.30	29.90	27.60	40.10	4.40	0.00	0.00
119.20	33.90	32.20	29.70	27.50	40.20	2.70	0.00	0.00
119.30	33.90	32.10	29.70	27.20	40.40	2.80	0.00	0.00
119.40	33.90	32.10	29.70	27.20	40.20	3.40	0.00	0.00
119.50	33.90	32.20	29.70	27.30	40.50	2.50	0.00	0.00
119.60	33.90	32.20	29.70	27.30	40.50	2.50	0.00	0.00
119.70	34.00	32.20	29.60	27.40	40.50	2.80	0.00	0.00
119.80	33.80	32.20	29.70	27.30	40.20	2.50	0.00	0.00
119.90	33.80	32.20	29.70	27.30	40.50	3.10	0.00	0.00
120.00	34.00	32.30	29.90	27.40	40.10	3.30	0.00	0.00
120.10	34.00	32.30	29.90	27.40	40.40	2.70	0.00	0.00
120.20	34.00	32.30	29.90	27.40	40.20	3.10	0.00	0.00
120.30	33.80	32.30	29.80	27.40	40.40	3.10	0.00	0.00
120.40	33.90	32.30	29.80	27.40	40.20	3.30	0.00	0.00
120.50	33.90	32.30	29.80	27.40	40.20	3.30	0.00	0.00
120.60	34.00	32.00	29.70	27.20	40.40	3.10	0.00	0.00
120.70	34.00	32.20	29.70	27.50	40.10	3.00	0.00	0.00
120.80	34.00	32.20	29.70	27.50	40.50	3.00	0.00	0.00
120.90	34.00	32.20	29.70	27.40	40.40	3.10	0.00	0.00
121.00	33.80	32.10	29.70	27.20	40.10	3.00	0.00	0.00
121.10	33.80	32.10	29.70	27.20	40.70	2.70	0.00	0.00
121.20	33.80	32.20	29.80	27.20	38.70	3.10	0.00	0.00
121.30	33.90	32.10	29.70	27.40	41.00	2.80	0.00	0.00
121.40	33.90	32.10	29.70	27.40	41.00	2.80	0.00	0.00
121.50	34.00	32.30	29.80	27.30	40.50	3.00	0.00	0.00
121.60	33.90	32.20	29.80	27.50	40.10	2.70	0.00	0.00
121.70	33.90	32.20	29.80	27.50	40.20	3.00	0.00	0.00
121.80	33.80	32.10	29.70	27.40	40.50	3.00	0.00	0.00
121.90	34.00	32.30	29.80	27.40	40.50	2.70	0.00	0.00
122.00	34.00	32.30	29.80	27.40	40.50	3.30	0.00	0.00
122.10	33.90	32.20	29.80	27.40	40.50	3.10	0.00	0.00
122.20	33.90	32.20	29.80	27.40	40.20	3.10	0.00	0.00
122.30	33.90	32.20	29.80	27.40	40.20	3.10	0.00	0.00
122.40	33.90	32.10	29.80	27.40	40.20	2.80	0.00	0.00
122.50	33.90	32.10	29.80	27.40	39.80	2.80	0.00	0.00
122.60	33.90	32.20	29.70	27.30	40.20	3.00	0.00	0.00
122.70	33.90	32.20	29.90	27.30	40.10	3.00	0.00	0.00
122.80	33.90	32.20	29.90	27.30	40.50	2.80	0.00	0.00
122.90	33.80	32.20	29.80	27.30	40.10	2.80	0.00	0.00
123.00	33.90	32.30	29.80	27.30	40.50	2.80	0.00	0.00
123.10	33.90	32.30	29.80	27.30	39.90	3.10	0.00	0.00
123.20	33.90	32.20	29.80	27.30	40.20	2.80	0.00	0.00
123.30	33.80	32.00	29.80	27.40	40.20	2.80	0.00	0.00
123.40	33.80	32.00	29.80	27.40	40.40	2.80	0.00	0.00
123.50	33.90	32.30	29.80	27.40	40.20	2.80	0.00	0.00
123.60	34.00	32.30	29.80	27.40	41.30	2.50	0.00	0.00
123.70	34.00	32.30	29.80	27.40	40.40	3.00	0.00	0.00
123.80	33.80	32.20	29.80	27.40	40.50	2.80	0.00	0.00
123.90	33.90	32.20	29.80	27.30	40.20	2.70	0.00	0.00
124.00	33.90	32.20	29.80	27.30	40.20	3.00	0.00	0.00
124.10	33.80	32.00	29.70	27.20	40.40	2.80	0.00	0.00
124.20	33.90	32.20	29.80	27.40	40.40	2.80	0.00	0.00
124.30	33.90	32.20	29.80	27.40	40.50	3.10	0.00	0.00
124.40	33.80	32.30	29.90	27.40	40.40	2.70	0.00	0.00
124.50	33.80	32.30	29.90	27.40	40.40	2.80	0.00	0.00
124.60	33.90	32.30	29.80	27.40	40.10	3.90	0.00	0.00
124.70	33.80	32.30	29.80	27.30	40.50	2.80	0.00	0.00
124.80	33.80	32.30	29.80	27.30	40.20	2.80	0.00	0.00
124.90	34.00	32.30	29.90	27.40	40.40	2.80	0.00	0.00
125.00	34.00	32.30	29.80	27.50	39.90	3.10	0.00	0.00
125.10	34.00	32.30	29.80	27.50	40.70	3.00	0.00	0.00
125.20	33.90	32.10	29.80	27.40	40.40	2.50	0.00	0.00
125.30	33.70	32.10	29.60	27.20	40.40	2.80	0.00	0.00
125.40	33.70	32.10	29.60	27.20	40.50	2.80	0.00	0.00
125.50	33.90	32.20	29.80	27.30	39.90	3.00	0.00	0.00
125.60	33.90	32.20	29.80	27.30	40.20	3.00	0.00	0.00
125.70	33.80	32.10	29.70	27.20	40.50	3.10	0.00	0.00
125.80	33.90	32.40	29.90	27.40	40.10	3.10	0.00	0.00
125.90	33.90	32.40	29.90	27.40	40.20	3.00	0.00	0.00
126.00	33.80	32.10	29.80	27.30	40.20	3.00	0.00	0.00
126.10	33.90	32.10	29.80	27.40	40.20	3.00	0.00	0.00
126.20	33.90	32.10	29.80	27.40	40.20	2.80	0.00	0.00
126.30	33.80	32.20	29.70	27.30	40.10	3.10	0.00	0.00
126.40	33.80	32.30	29.80	27.40	40.40	3.10	0.00	0.00
126.50	33.80	32.30	29.80	27.40	40.20	3.10	0.00	0.00
126.60	33.80	32.20	29.70	27.30	40.50	2.70	0.00	0.00
126.70	33.90	32.20	29.90	27.40	39.60	2.80	0.00	0.00
126.80	33.90	32.20	29.90	27.40	40.40	3.00	0.00	0.00
126.90	33.80	32.20	29.80	27.30	40.50	2.80	0.00	0.00
127.00	33.80	32.10	29.80	27.40	40.50	2.80	0.00	0.00
127.10	33.80	32.10	29.80	27.40	39.90	3.10	0.00	0.00
127.20	33.90	32.20	29.70	27.40	40.20	3.00	0.00	0.00
127.30	33.80	32.20	29.70	27.30	40.80	3.00	0.00	0.00
127.40	33.80	32.20	29.70	27.30	40.40	2.40	0.00	0.00
127.50	33.90	32.20	29.80	27.30	40.20	2.70	0.00	0.00
127.60	33.90	32.20	29.80	27.30	40.40	2.80	0.00	0.00
127.70	33.90	32.20	29.80	27.40	40.10	3.10	0.00	0.00
127.80	34.00	32.30	29.80	27.50	40.20	3.30	0.00	0.00
127.90	34.00	32.30	29.80	27.50	40.50	3.00	0.00	0.00
128.00	33.70	32.20	29.70	27.40	40.20	3.30	0.00	0.00
128.10	33.80	32.20	29.70	27.40	40.40	2.80	0.00	0.00
128.20	33.80	32.20	29.70	27.40	40.40	3.00	0.00	0.00
128.30	34.00	32.20	29.90	27.50	40.20	3.30	0.00	0.00
128.40	33.80	32.10	29.80	27.30	40.40	2.80	0.00	0.00
128.50	33.80	32.10	29.80	27.30	40.10	2.50	0.00	0.00
128.60	33.80	32.10	29.70	27.30	40.40	3.10	0.00	0.00
128.70	33.80	32.20	29.70	27.40	40.50	2.80	0.00	0.00
128.80	33.80	32.20	29.70	27.40	40.50	2.50	0.00	0.00
128.90	33.80	32.20	29.80	27.40	40.50	2.50	0.00	0.00
129.00	33.80	32.20	29.80	27.40	40.10	3.10	0.00	0.00
129.10	33.90	32.30	29.90	27.50	40.50	3.10	0.00	0.00
129.20	33.80	32.10	29.70	27.40	39.90	2.70	0.00	0.00
129.30	33.80	32.20	29.70	27.30	40.50	3.00	0.00	0.00
129.40	33.80	32.20	29.70	27.30	39.90	3.10	0.00	0.00
129.50	33.70	32.10	29.60	27.20	40.20	1.30	0.00	0.00
129.60	33.70	32.10	29.60	27.20	40.20	2.50	0.00	0.00
129.70	33.80	32.10	29.70	27.30	40.10	2.80	0.00	0.00
129.80	33.80	32.10	29.70	27.30	40.10	2.80	0.00	0.00
129.90	33.80	32.10	29.70	27.30	39.90	2.80	0.00	0.00
130.00	33.80	32.10	29.70	27.20	39.90	2.80	0.00	0.00
130.10	33.80	32.10	29.70	27.20	40.50	3.00	0.00	0.00
130.20	33.80	32.10	29.70	27.30	40.70	3.10	0.00	0.00
130.30	33.70	32.10	29.70	27.40	40.40	2.80	0.00	0.00
130.40	33.70	32.10	29.70	27.40	39.90	2.70	0.00	0.00
130.50	33.70	32.10	29.70	27.30	41.00	2.70	0.00	0.00
130.60	33.70	32.10	29.70	27.40	40.40	2.80	0.00	0.00
130.70	33.70	32.10	29.70	27.40	40.50	2.80	0.00	0.00
130.80	33.80	32.30	29.80	27.50	39.60	2.80	0.00	0.00
130.90	33.80	32.20	29.70	27.30	40.50	2.70	0.00	0.00
131.00	33.80	32.20	29.70	27.30	40.10	3.00	0.00	0.00
131.10	33.70	32.20	29.90	27.40	39.80	3.10	0.00	0.00
131.20	33.70	32.20	29.90	27.40	40.20	2.80	0.00	0.00
131.30	33.80	32.20	29.90	27.40	40.20	3.00	0.00	0.00
131.40	33.80	32.20	29.80	27.30	41.20	2.80	0.00	0.00
131.50	33.80	32.20	29.80	27.30	40.40	2.80	0.00	0.00
131.60	33.70	32.10	29.70	27.40	40.40	2.80	0.00	0.00
131.70	33.70	32.10	29.70	27.40	40.70	2.80	0.00	0.00
131.80	33.70	32.10	29.70	27.40	40.10	2.80	0.00	0.00
131.90	33.70	32.10	29.70	27.30	40.20	3.00	0.00	0.00
132.00	33.90	32.20	29.80	27.40	40.20	2.70	0.00	0.00
132.10	33.90	32.20	29.80	27.40	40.40	2.80	0.00	0.00
132.20	33.70	32.20	29.70	27.30	40.50	2.80	0.00	0.00
132.30	33.70	32.10	29.80	27.30	40.70	1.30	0.00	0.00
132.40	33.70	32.10	29.80	27.30	40.50	2.70	0.00	0.00
132.50	33.70	32.10	29.80	27.30	40.50	2.50	0.00	0.00
132.60	33.80	32.20	29.80	27.40	40.50	2.50	0.00	0.00
132.70	33.80	32.20	29.80	27.40	40.10	2.50	0.00	0.00
132.80	33.80	32.20	29.70	27.30	40.70	2.50	0.00	0.00
132.90	33.80	32.10	29.90	27.40	40.70	3.10	0.00	0.00
133.00	33.80	32.10	29.90	27.40	40.10	3.00	0.00	0.00
133.10	33.80	32.20	29.70	27.40	40.20	2.80	0.00	0.00
133.20	33.80	32.20	29.70	27.40	40.10	3.10	0.00	0.00
133.30	33.70	32.10	29.80	27.40	40.20	3.10	0.00	0.00
133.40	33.80	32.10	29.80	27.40	40.40	3.10	0.00	0.00
133.50	33.80	32.10	29.80	27.40	40.40	3.10	0.00	0.00
133.60	33.70	32.20	29.70	27.30	40.40	3.00	0.00	0.00
133.70	33.80	32.20	29.80	27.40	40.50	2.50	0.00	0.00
133.80	33.80	32.20	29.80	27.40	40.50	2.70	0.00	0.00
133.90	33.70	32.20	29.70	27.30	40.10	2.80	0.00	0.00
134.00	33.80	32.20	29.80	27.40	40.10	2.70	0.00	0.00
134.10	33.80	32.20	29.80	27.40	40.20	2.80	0.00	0.00
134.20	33.80	32.10	29.80	27.30	40.20	3.30	0.00	0.00
134.30	33.80	32.10	29.80	27.30	40.10	3.00	0.00	0.00
134.40	33.90	32.20	29.80	27.50	40.50	2.80	0.00	0.00
134.50	33.70	32.20	29.80	27.40	40.50	2.80	0.00	0.00
134.60	33.90	32.20	29.90	27.40	40.50	3.10	0.00	0.00
134.70	33.90	32.20	29.90	27.40	40.40	3.40	0.00	0.00
134.80	33.70	32.20	29.60	27.30	40.50	3.10	0.00	0.00
134.90	33.70	32.10	29.70	27.20	40.40	3.10	0.00	0.00
135.00	33.70	32.10	29.70	27.20	40.70	3.10	0.00	0.00
135.10	33.80	32.20	29.80	27.40	40.40	3.30	0.00	0.00
135.20	33.80	32.20	29.80	27.40	40.40	2.70	0.00	0.00
135.30	33.60	32.00	29.70	27.20	40.10	3.30	0.00	0.00
135.40	33.70	32.20	29.80	27.30	40.10	3.30	0.00	0.00
135.50	33.70	32.20	29.80	27.30	40.70	2.80	0.00	0.00
135.60	33.70	32.20	29.70	27.30	40.20	3.10	0.00	0.00
135.70	33.70	32.10	29.80	27.30	40.40	2.80	0.00	0.00
135.80	33.70	32.10	29.80	27.30	40.20	3.00	0.00	0.00
135.90	33.70	32.10	29.80	27.30	40.70	2.70	0.00	0.00
136.00	33.70	32.20	29.80	27.40	40.10	3.10	0.00	0.00
136.10	33.70	32.20	29.80	27.40	40.50	3.10	0.00	0.00
136.20	33.70	32.20	29.80	27.40	40.40	2.80	0.00	0.00
136.30	33.60	32.10	29.70	27.30	40.40	2.80	0.00	0.00
136.40	33.60	32.10	29.70	27.30	39.90	2.80	0.00	0.00
136.50	33.80	32.20	29.90	27.40	40.10	3.00	0.00	0.00
136.60	33.80	32.20	29.80	27.40	39.90	2.50	0.00	0.00
136.70	33.80	32.20	29.80	27.40	40.50	2.40	0.00	0.00
136.80	33.80	32.30	29.80	27.40	40.50	3.00	0.00	0.00
136.90	33.70	32.20	29.70	27.40	40.40	3.00	0.00	0.00
137.00	33.70	32.20	29.70	27.40	39.80	2.80	0.00	0.00
137.10	33.70	32.10	29.70	27.30	40.10	2.80	0.00	0.00
137.20	33.70	32.10	29.70	27.40	40.10	2.80	0.00	0.00
137.30	33.70	32.10	29.70	27.40	40.40	3.00	0.00	0.00
137.40	33.70	32.20	29.70	27.40	40.40	3.40	0.00	0.00
137.50	33.70	32.20	29.70	27.40	40.10	3.10	0.00	0.00
137.60	33.80	32.20	29.80	27.30	40.50	2.70	0.00	0.00
137.70	33.80	32.20	29.80	27.30	40.40	3.00	0.00	0.00
137.80	33.70	32.20	29.80	27.40	40.50	2.50	0.00	0.00
137.90	33.60	32.20	29.80	27.30	40.50	2.70	0.00	0.00
138.00	33.70	32.20	29.80	27.20	40.50	3.00	0.00	0.00
138.10	33.70	32.20	29.80	27.20	40.20	3.60	0.00	0.00
138.20	33.70	32.20	29.80	27.20	40.20	3.60	0.00	0.00
138.30	33.70	32.20	29.80	27.20	39.90	2.70	0.00	0.00
138.40	33.80	32.20	29.70	27.40	40.20	3.10	0.00	0.00
138.50	33.70	32.30	29.80	27.40	40.40	2.80	0.00	0.00
138.60	33.70	32.30	29.80	27.40	40.80	2.80	0.00	0.00
138.70	33.70	32.10	29.80	27.40	40.50	3.00	0.00	0.00
138.80	33.70	32.00	29.70	27.20	40.20	2.70	0.00	0.00
138.90	33.70	32.00	29.70	27.20	40.80	3.00	0.00	0.00
139.00	33.60	32.00	29.80	27.20	40.40	3.00	0.00	0.00
139.10	33.70	32.20	29.80	27.40	40.40	3.00	0.00	0.00
